image_path,file_exists,asset_id,profile_id,profile_name,description,file_id,filename,attr_abutment_material,attr_bridge_type,attr_decking_material,attr_fall_height,attr_has_edge_guard,attr_has_pedestrian_railing,attr_length,"attr_material_frame,_tank,_body",attr_number_of_steps,attr_structure_material,attr_structure_position,attr_width,Length measured by staff,length_bin,width_bin,fall_height_bin,steps_bin
data/citywide/images/337/47664/86079__AST_EX_20250803_081025.jpeg,True,47664,337,Boardwalk < 1.2m High,Bishop Bay Hs Backcountry; Boardwalk at Bishop Bay Hot Springs. Last repaired via a Capital Project in 2009.; Boardwalk at Bishop Bay Hot Springs.; About 200 m of boardwalk; mostly red cedar; stringers a,86079,AST_EX_20250803_081025.jpeg,,,Timber,,No,No railings,200.0,Timber/Wood,,Timber,,,True,long (>100m),,,
data/citywide/images/337/46935/59882__IMG_1070.JPG,True,46935,337,Boardwalk < 1.2m High,8' wide wood decked boardwalk with log stringers,59882,IMG_1070.JPG,,,Timber,,No,No railings,15.0,Timber/Wood,,Timber,,3.0,True,short (<20m),wide (>1.5m),,
data/citywide/images/337/47664/86081__AST_EX_20250803_081016.jpeg,True,47664,337,Boardwalk < 1.2m High,Bishop Bay Hs Backcountry; Boardwalk at Bishop Bay Hot Springs. Last repaired via a Capital Project in 2009.; Boardwalk at Bishop Bay Hot Springs.; About 200 m of boardwalk; mostly red cedar; stringers a,86081,AST_EX_20250803_081016.jpeg,,,Timber,,No,No railings,200.0,Timber/Wood,,Timber,,,True,long (>100m),,,
data/citywide/images/337/48119/13815__MI_20210809_144926.jpg,True,48119,337,Boardwalk < 1.2m High,Indian Point - Isaac Lake,13815,MI_20210809_144926.jpg,,,Timber,,No,No railings,8.0,Timber/Wood,,Timber,,1.5,True,short (<20m),wide (>1.5m),,
data/citywide/images/337/47664/86084__AST_EX_20250803_080930.jpeg,True,47664,337,Boardwalk < 1.2m High,Bishop Bay Hs Backcountry; Boardwalk at Bishop Bay Hot Springs. Last repaired via a Capital Project in 2009.; Boardwalk at Bishop Bay Hot Springs.; About 200 m of boardwalk; mostly red cedar; stringers a,86084,AST_EX_20250803_080930.jpeg,,,Timber,,No,No railings,200.0,Timber/Wood,,Timber,,,True,long (>100m),,,
data/citywide/images/337/48119/86267__AST_EX_20250807_142035.jpeg,True,48119,337,Boardwalk < 1.2m High,Indian Point - Isaac Lake,86267,AST_EX_20250807_142035.jpeg,,,Timber,,No,No railings,8.0,Timber/Wood,,Timber,,1.5,True,short (<20m),wide (>1.5m),,
data/citywide/images/337/48119/86268__AST_EX_20250807_142000.jpeg,True,48119,337,Boardwalk < 1.2m High,Indian Point - Isaac Lake,86268,AST_EX_20250807_142000.jpeg,,,Timber,,No,No railings,8.0,Timber/Wood,,Timber,,1.5,True,short (<20m),wide (>1.5m),,
data/citywide/images/337/48121/86240__AST_EX_20250808_133154.jpeg,True,48121,337,Boardwalk < 1.2m High,Isaac River Trail Type Ii,86240,AST_EX_20250808_133154.jpeg,,,Timber,,No,No railings,6.0,Timber/Wood,,Timber,,,True,short (<20m),,,
data/citywide/images/337/48637/27383__AST_EX_20211013_101432.jpeg,True,48637,337,Boardwalk < 1.2m High,Cape Scott Hiking Trail; Item description: FISHERMANS BOARDWALK;,27383,AST_EX_20211013_101432.jpeg,,,Timber,,No,No railings,18.0,Timber/Wood,,Timber,,,True,short (<20m),,,
data/citywide/images/337/48934/15282__AST_EX_20210811_144938.jpeg,True,48934,337,Boardwalk < 1.2m High,Boardwalk,15282,AST_EX_20210811_144938.jpeg,,,Timber,,No,No railings,62.0,Timber/Wood,,Timber,,,True,medium (20-100m),,,
data/citywide/images/337/48634/27385__AST_EX_20211013_101620.jpeg,True,48634,337,Boardwalk < 1.2m High,"Cape Scott Backcountry; Item description: BOARDWALK: (NELS BIGHT TO DONALDSONS FARM); Specifications: elevated WOOD BOARD -WALK, NELS BIGHT TO DONALDSONS FARM. ; Comments: ALL MATERIALS flown in",27385,AST_EX_20211013_101620.jpeg,,,Timber,,No,No railings,2300.0,Timber/Wood,,Timber,,,True,long (>100m),,,
data/citywide/images/337/48934/15283__AST_EX_20210811_144911.jpeg,True,48934,337,Boardwalk < 1.2m High,Boardwalk,15283,AST_EX_20210811_144911.jpeg,,,Timber,,No,No railings,62.0,Timber/Wood,,Timber,,,True,medium (20-100m),,,
data/citywide/images/337/48936/15286__AST_EX_20210811_144036.jpeg,True,48936,337,Boardwalk < 1.2m High,Boardwalk,15286,AST_EX_20210811_144036.jpeg,,,Timber,,No,No railings,22.0,Timber/Wood,,Timber,,,True,medium (20-100m),,,
data/citywide/images/337/51255/70478__MI_20240629_131154.jpg,True,51255,337,Boardwalk < 1.2m High,"in campground, 1M WIDE",70478,MI_20240629_131154.jpg,,,Timber,,No,No railings,30.0,Timber/Wood,,Timber,,,True,medium (20-100m),,,
data/citywide/images/337/51547/18708__AST_EX_20210826_112435.jpeg,True,51547,337,Boardwalk < 1.2m High,46.63m x m |,18708,AST_EX_20210826_112435.jpeg,,,,,,No railings,100.0,Timber/Wood,,,,,True,long (>100m),,,
data/citywide/images/337/51547/18709__AST_EX_20210826_112407.jpeg,True,51547,337,Boardwalk < 1.2m High,46.63m x m |,18709,AST_EX_20210826_112407.jpeg,,,,,,No railings,100.0,Timber/Wood,,,,,True,long (>100m),,,
data/citywide/images/337/51547/18707__AST_EX_20210826_112642.jpeg,True,51547,337,Boardwalk < 1.2m High,46.63m x m |,18707,AST_EX_20210826_112642.jpeg,,,,,,No railings,100.0,Timber/Wood,,,,,True,long (>100m),,,
data/citywide/images/337/51547/18711__AST_EX_20210826_112301.jpeg,True,51547,337,Boardwalk < 1.2m High,46.63m x m |,18711,AST_EX_20210826_112301.jpeg,,,,,,No railings,100.0,Timber/Wood,,,,,True,long (>100m),,,
data/citywide/images/337/51547/18710__AST_EX_20210826_112332.jpeg,True,51547,337,Boardwalk < 1.2m High,46.63m x m |,18710,AST_EX_20210826_112332.jpeg,,,,,,No railings,100.0,Timber/Wood,,,,,True,long (>100m),,,
data/citywide/images/337/51603/24212__AST_EX_20210923_125920.jpeg,True,51603,337,Boardwalk < 1.2m High,Fox Lake; Item description: Boardwalk on Fox Lake Trail;,24212,AST_EX_20210923_125920.jpeg,,,Timber,,No,No railings,150.0,Timber/Wood,,Timber,,,True,long (>100m),,,
data/citywide/images/337/51547/18706__AST_EX_20210826_113015.jpeg,True,51547,337,Boardwalk < 1.2m High,46.63m x m |,18706,AST_EX_20210826_113015.jpeg,,,,,,No railings,100.0,Timber/Wood,,,,,True,long (>100m),,,
data/citywide/images/337/51603/24216__AST_EX_20210923_125846.jpeg,True,51603,337,Boardwalk < 1.2m High,Fox Lake; Item description: Boardwalk on Fox Lake Trail;,24216,AST_EX_20210923_125846.jpeg,,,Timber,,No,No railings,150.0,Timber/Wood,,Timber,,,True,long (>100m),,,
data/citywide/images/337/51603/87633__AST_EX_20250826_101822.jpeg,True,51603,337,Boardwalk < 1.2m High,Fox Lake; Item description: Boardwalk on Fox Lake Trail;,87633,AST_EX_20250826_101822.jpeg,,,Timber,,No,No railings,150.0,Timber/Wood,,Timber,,,True,long (>100m),,,
data/citywide/images/337/51603/24222__AST_EX_20210923_130140.jpeg,True,51603,337,Boardwalk < 1.2m High,Fox Lake; Item description: Boardwalk on Fox Lake Trail;,24222,AST_EX_20210923_130140.jpeg,,,Timber,,No,No railings,150.0,Timber/Wood,,Timber,,,True,long (>100m),,,
data/citywide/images/337/51942/21399__AST_EX_20210911_124304.jpeg,True,51942,337,Boardwalk < 1.2m High,"Fillongley Campground; Additional notes: Wood edging along trails, including raised flat surface lined by stacked wood.;",21399,AST_EX_20210911_124304.jpeg,,,Timber,,No,No railings,112.0,Timber/Wood,,Timber,,1.0,True,long (>100m),standard (0.9-1.5m),,
data/citywide/images/337/52469/87886__AST_EX_20250914_165603.jpeg,True,52469,337,Boardwalk < 1.2m High,replaced with wood bridge; SPLIT LOG 4M LONG;,87886,AST_EX_20250914_165603.jpeg,,,Timber,,No,No railings,4.0,Timber/Wood,,Timber,,,True,short (<20m),,,
data/citywide/images/337/51603/24211__AST_EX_20210923_125900.jpeg,True,51603,337,Boardwalk < 1.2m High,Fox Lake; Item description: Boardwalk on Fox Lake Trail;,24211,AST_EX_20210923_125900.jpeg,,,Timber,,No,No railings,150.0,Timber/Wood,,Timber,,,True,long (>100m),,,
data/citywide/images/337/52245/40583__AST_EX_20220510_112627.jpeg,True,52245,337,Boardwalk < 1.2m High,Boardwalk on Path from Beach to Campground,40583,AST_EX_20220510_112627.jpeg,,,Timber,,No,No railings,15.0,Timber/Wood,,Timber,,2.0,True,short (<20m),wide (>1.5m),,
data/citywide/images/337/53556/63735__AST_EX_20221004_092847.jpeg,True,53556,337,Boardwalk < 1.2m High,"Wood; Specifications: 3 ft. wideand 82 m long. Red cedar planks are 2"" thick x 10"" x 36"".; Comments: Universal Access boardwalk to the Herman Lake viewing platform",63735,AST_EX_20221004_092847.jpeg,,,Timber,,No,No railings,82.0,Timber/Wood,,Timber,,,True,medium (20-100m),,,
data/citywide/images/337/53556/85593__AST_EX_20250720_155517.jpeg,True,53556,337,Boardwalk < 1.2m High,"Wood; Specifications: 3 ft. wideand 82 m long. Red cedar planks are 2"" thick x 10"" x 36"".; Comments: Universal Access boardwalk to the Herman Lake viewing platform",85593,AST_EX_20250720_155517.jpeg,,,Timber,,No,No railings,82.0,Timber/Wood,,Timber,,,True,medium (20-100m),,,
data/citywide/images/337/55645/56120__AST_EX_20220725_113102.jpeg,True,55645,337,Boardwalk < 1.2m High,Woodbury Creek Trail; Item description: TO WOODBURY CABIN AREA; Specifications: LOG TYPE BRIDGES #3 2 @ 8M EA. #4 3 @ 4M EA. #5 #1 -#2 ; Comments: FAIR TO POOR,56120,AST_EX_20220725_113102.jpeg,,,Timber,,No,No railings,28.0,Timber/Wood,,Timber,,0.5,True,medium (20-100m),narrow (<0.9m),,
data/citywide/images/337/56209/88832__AST_EX_20250928_135750.jpeg,True,56209,337,Boardwalk < 1.2m High,Twin Spruce Trail; CONFIRMED; 5 cedar boardwalks along the Twin Spruce Trail; 3 boardwalk sections between the Twin Spruces and the Emergency Access Road plus 2 boardwalk sections between the Emergency A,88832,AST_EX_20250928_135750.jpeg,,,Timber,,No,No railings,28.8,Timber/Wood,,Timber,,,True,medium (20-100m),,,
data/citywide/images/337/56209/13518__AST_EX_20210812_120624.jpeg,True,56209,337,Boardwalk < 1.2m High,Twin Spruce Trail; CONFIRMED; 5 cedar boardwalks along the Twin Spruce Trail; 3 boardwalk sections between the Twin Spruces and the Emergency Access Road plus 2 boardwalk sections between the Emergency A,13518,AST_EX_20210812_120624.jpeg,,,Timber,,No,No railings,28.8,Timber/Wood,,Timber,,,True,medium (20-100m),,,
data/citywide/images/337/56209/13517__AST_EX_20210812_120655.jpeg,True,56209,337,Boardwalk < 1.2m High,Twin Spruce Trail; CONFIRMED; 5 cedar boardwalks along the Twin Spruce Trail; 3 boardwalk sections between the Twin Spruces and the Emergency Access Road plus 2 boardwalk sections between the Emergency A,13517,AST_EX_20210812_120655.jpeg,,,Timber,,No,No railings,28.8,Timber/Wood,,Timber,,,True,medium (20-100m),,,
data/citywide/images/337/56345/34__IMG_5633.JPG,True,56345,337,Boardwalk < 1.2m High,150 M boardwalk from toilet building to hanging gardens - includes two viewing platforms and stair sets.; BOARDWALK; 150 MT. BOARDWALK TOHANGING GARDENS ; BOARD WALK TO HANGING GARDENS IN GOOD SHAPE AS NEW IN 1990;  150 m long,34,IMG_5633.JPG,,,Timber,,No,No railings,150.0,Timber/Wood,,Timber,,,True,long (>100m),,,
data/citywide/images/337/56345/35__IMG_5635.JPG,True,56345,337,Boardwalk < 1.2m High,150 M boardwalk from toilet building to hanging gardens - includes two viewing platforms and stair sets.; BOARDWALK; 150 MT. BOARDWALK TOHANGING GARDENS ; BOARD WALK TO HANGING GARDENS IN GOOD SHAPE AS NEW IN 1990;  150 m long,35,IMG_5635.JPG,,,Timber,,No,No railings,150.0,Timber/Wood,,Timber,,,True,long (>100m),,,
data/citywide/images/337/56345/76274__MI_20241027_120942.jpg,True,56345,337,Boardwalk < 1.2m High,150 M boardwalk from toilet building to hanging gardens - includes two viewing platforms and stair sets.; BOARDWALK; 150 MT. BOARDWALK TOHANGING GARDENS ; BOARD WALK TO HANGING GARDENS IN GOOD SHAPE AS NEW IN 1990;  150 m long,76274,MI_20241027_120942.jpg,,,Timber,,No,No railings,150.0,Timber/Wood,,Timber,,,True,long (>100m),,,
data/citywide/images/337/56778/60081__sight1.jpg,True,56778,337,Boardwalk < 1.2m High,Maquinna Trails,60081,sight1.jpg,,,Timber,,No,No railings,1000.0,Timber/Wood,,Timber,,,True,long (>100m),,,
data/citywide/images/337/56778/60080__sight_12.jpg,True,56778,337,Boardwalk < 1.2m High,Maquinna Trails,60080,sight 12.jpg,,,Timber,,No,No railings,1000.0,Timber/Wood,,Timber,,,True,long (>100m),,,
data/citywide/images/337/58173/4930__AST_EX_20210710_161648.jpeg,True,58173,337,Boardwalk < 1.2m High,Boardwalk with railing at portal trail entrance.,4930,AST_EX_20210710_161648.jpeg,,,Timber,,No,,1800.0,Timber/Wood,,Timber,,1.5,True,long (>100m),wide (>1.5m),,
data/citywide/images/337/58824/67447__AST_EX_20231214_125225.jpeg,True,58824,337,Boardwalk < 1.2m High,"Tow Hill - Blow Hole Trail; Specifications: cedar boardwalk: 3x10"" boards with asphalt traction; 1.5m wide; Blow Hole trail section fully accessible;",67447,AST_EX_20231214_125225.jpeg,,,Timber,,No,No railings,1800.0,Timber/Wood,,Timber,,,True,long (>100m),,,
data/citywide/images/337/58826/71884__AST_EX_20240801_143426.jpeg,True,58826,337,Boardwalk < 1.2m High,"Cape Fife Trail; two ages of boardwalk 20yr, 12yr; upgrade project for traction & repair in 2018; 3""",71884,AST_EX_20240801_143426.jpeg,,,Timber,,No,No railings,1500.0,Timber/Wood,,Timber,,,True,long (>100m),,,
data/citywide/images/337/61005/62857__AST_EX_20220901_120401.jpeg,True,61005,337,Boardwalk < 1.2m High,Princess Louisa Day Use; Additional notes: replaced in 2007; Specifications: 125M BOARDWALK ;,62857,AST_EX_20220901_120401.jpeg,,,Timber,,No,No railings,150.0,Timber/Wood,,Timber,,1.0,True,long (>100m),standard (0.9-1.5m),,
data/citywide/images/337/61005/62860__AST_EX_20220901_120258.jpeg,True,61005,337,Boardwalk < 1.2m High,Princess Louisa Day Use; Additional notes: replaced in 2007; Specifications: 125M BOARDWALK ;,62860,AST_EX_20220901_120258.jpeg,,,Timber,,No,No railings,150.0,Timber/Wood,,Timber,,1.0,True,long (>100m),standard (0.9-1.5m),,
data/citywide/images/337/61005/62868__AST_EX_20220901_120353.jpeg,True,61005,337,Boardwalk < 1.2m High,Princess Louisa Day Use; Additional notes: replaced in 2007; Specifications: 125M BOARDWALK ;,62868,AST_EX_20220901_120353.jpeg,,,Timber,,No,No railings,150.0,Timber/Wood,,Timber,,1.0,True,long (>100m),standard (0.9-1.5m),,
data/citywide/images/337/61734/65775__AST_EX_20230810_113753.jpeg,True,61734,337,Boardwalk < 1.2m High,Lower Flume trail boardwalk,65775,AST_EX_20230810_113753.jpeg,Timber,Beam,Timber,,No,No railings,3.0,,,,,1.0,True,short (<20m),standard (0.9-1.5m),,
data/citywide/images/337/62067/17561__AST_EX_20210822_115132.jpeg,True,62067,337,Boardwalk < 1.2m High,Sandwell Day Use; Item description: BOARDWALK ; Specifications: 10M OF BOARDWALK 1M WIDE SET ON CONCRETE PADS TOPROTECT MIDDEN SITE ;,17561,AST_EX_20210822_115132.jpeg,,,Timber,,No,No railings,28.0,Timber/Wood,,Timber,,1.0,True,medium (20-100m),standard (0.9-1.5m),,
data/citywide/images/337/61958/14149__IMG_5678.JPG,True,61958,337,Boardwalk < 1.2m High,"2""x8""x32"" decking 4""x4"" stringers ( western red cedar ) approx 300m. at multiple locations located on trail from camping area to outter beach.",14149,IMG_5678.JPG,,,Timber,,No,No railings,300.0,Timber/Wood,,Timber,,,True,long (>100m),,,
data/citywide/images/337/62447/63423__MI_20220920_144556.jpg,True,62447,337,Boardwalk < 1.2m High,Boardwalk,63423,MI_20220920_144556.jpg,,,Timber,,No,No railings,44.0,Timber/Wood,,Timber,,,True,medium (20-100m),,,
data/citywide/images/337/62067/17562__AST_EX_20210822_115054.jpeg,True,62067,337,Boardwalk < 1.2m High,Sandwell Day Use; Item description: BOARDWALK ; Specifications: 10M OF BOARDWALK 1M WIDE SET ON CONCRETE PADS TOPROTECT MIDDEN SITE ;,17562,AST_EX_20210822_115054.jpeg,,,Timber,,No,No railings,28.0,Timber/Wood,,Timber,,1.0,True,medium (20-100m),standard (0.9-1.5m),,
data/citywide/images/337/64207/60977__AST_EX_20220823_105719.jpeg,True,64207,337,Boardwalk < 1.2m High,"23'8"" LONG 10U 0333454 5509243;",60977,AST_EX_20220823_105719.jpeg,,,Timber,,No,No railings,25.0,Timber/Wood,,Timber,,1.0,True,medium (20-100m),standard (0.9-1.5m),,
data/citywide/images/337/64261/60975__AST_EX_20220823_110543.jpeg,True,64261,337,Boardwalk < 1.2m High,"10'2"" LONG 10U 0333562 5509078;",60975,AST_EX_20220823_110543.jpeg,,,Timber,,No,No railings,3.0,Timber/Wood,,Timber,,,True,short (<20m),,,
data/citywide/images/337/64274/60972__AST_EX_20220823_110154.jpeg,True,64274,337,Boardwalk < 1.2m High,"8'2"" LONG 10U 0333574 5509243;",60972,AST_EX_20220823_110154.jpeg,,,Timber,,No,No railings,2.0,Timber/Wood,,Timber,,,True,short (<20m),,,
data/citywide/images/337/64273/60967__AST_EX_20220823_111353.jpeg,True,64273,337,Boardwalk < 1.2m High,"7'3"" LONGBETWEEN 10U 0333625 5508634 AND 10U 0332895 5508028;",60967,AST_EX_20220823_111353.jpeg,,,Timber,,No,No railings,2.0,Timber/Wood,,Timber,,,True,short (<20m),,,
data/citywide/images/337/64887/10094__AST_EX_20210727_153925.jpeg,True,64887,337,Boardwalk < 1.2m High,Swan Lake Portage Trail; Item description: BOARDWALK ON PORTAGE TRAIL; Comments: Steel Lathe added to boardwalk for traction in 2017/2018. Value added to estimated replacement value.,10094,AST_EX_20210727_153925.jpeg,,,Timber,,No,No railings,110.0,Timber/Wood,,Timber,,1.0,True,long (>100m),standard (0.9-1.5m),,
data/citywide/images/337/64887/10095__AST_EX_20210727_153914.jpeg,True,64887,337,Boardwalk < 1.2m High,Swan Lake Portage Trail; Item description: BOARDWALK ON PORTAGE TRAIL; Comments: Steel Lathe added to boardwalk for traction in 2017/2018. Value added to estimated replacement value.,10095,AST_EX_20210727_153914.jpeg,,,Timber,,No,No railings,110.0,Timber/Wood,,Timber,,1.0,True,long (>100m),standard (0.9-1.5m),,
data/citywide/images/337/64887/43281__AST_EX_20220525_163009.jpeg,True,64887,337,Boardwalk < 1.2m High,Swan Lake Portage Trail; Item description: BOARDWALK ON PORTAGE TRAIL; Comments: Steel Lathe added to boardwalk for traction in 2017/2018. Value added to estimated replacement value.,43281,AST_EX_20220525_163009.jpeg,,,Timber,,No,No railings,110.0,Timber/Wood,,Timber,,1.0,True,long (>100m),standard (0.9-1.5m),,
data/citywide/images/337/64887/43290__AST_EX_20220525_162916.jpeg,True,64887,337,Boardwalk < 1.2m High,Swan Lake Portage Trail; Item description: BOARDWALK ON PORTAGE TRAIL; Comments: Steel Lathe added to boardwalk for traction in 2017/2018. Value added to estimated replacement value.,43290,AST_EX_20220525_162916.jpeg,,,Timber,,No,No railings,110.0,Timber/Wood,,Timber,,1.0,True,long (>100m),standard (0.9-1.5m),,
data/citywide/images/337/65422/62906__AST_EX_20220907_124503.jpeg,True,65422,337,Boardwalk < 1.2m High,2 boardwalk/bridges. Cedar plank deck. Crosses Lussier at Sayles Meadow.,62906,AST_EX_20220907_124503.jpeg,,,Timber,,No,No railings,15.0,Timber/Wood,,,,1.0,True,short (<20m),standard (0.9-1.5m),,
data/citywide/images/337/64889/10074__AST_EX_20210727_151232.jpeg,True,64889,337,Boardwalk < 1.2m High,"Swan Lake Portage Trail; Specifications: 8""X3""X6' TREATED PLANKS NATURAL SILLS; Comments: LOCATION 09 E519749 N6180748 NEAR START OF PORTAGE TRAIL BROWN BEAR SIDE",10074,AST_EX_20210727_151232.jpeg,,,Timber,,No,No railings,42.0,Timber/Wood,,Timber,,,True,medium (20-100m),,,
data/citywide/images/337/64889/43266__AST_EX_20220525_153708.jpeg,True,64889,337,Boardwalk < 1.2m High,"Swan Lake Portage Trail; Specifications: 8""X3""X6' TREATED PLANKS NATURAL SILLS; Comments: LOCATION 09 E519749 N6180748 NEAR START OF PORTAGE TRAIL BROWN BEAR SIDE",43266,AST_EX_20220525_153708.jpeg,,,Timber,,No,No railings,42.0,Timber/Wood,,Timber,,,True,medium (20-100m),,,
data/citywide/images/337/65422/62911__AST_EX_20220907_124428.jpeg,True,65422,337,Boardwalk < 1.2m High,2 boardwalk/bridges. Cedar plank deck. Crosses Lussier at Sayles Meadow.,62911,AST_EX_20220907_124428.jpeg,,,Timber,,No,No railings,15.0,Timber/Wood,,,,1.0,True,short (<20m),standard (0.9-1.5m),,
data/citywide/images/337/65428/22079__AST_EX_20210916_121642.jpeg,True,65428,337,Boardwalk < 1.2m High,Fish Lake Foot Trail; Item description: BOARDWALK ON MAIN TRAIL TO CPGD;,22079,AST_EX_20210916_121642.jpeg,,,Timber,,No,No railings,30.0,Timber/Wood,,Timber,,,True,medium (20-100m),,,
data/citywide/images/337/66040/20077__MI_20210907_132030.jpg,True,66040,337,Boardwalk < 1.2m High,DON'T KNOW ACQUISITION YEAR SEE SKEENA REC OFFICER,20077,MI_20210907_132030.jpg,,,Timber,,No,No railings,42.0,Timber/Wood,,Timber,,,True,medium (20-100m),,,
data/citywide/images/337/65422/62913__AST_EX_20220907_124415.jpeg,True,65422,337,Boardwalk < 1.2m High,2 boardwalk/bridges. Cedar plank deck. Crosses Lussier at Sayles Meadow.,62913,AST_EX_20220907_124415.jpeg,,,Timber,,No,No railings,15.0,Timber/Wood,,,,1.0,True,short (<20m),standard (0.9-1.5m),,
data/citywide/images/337/66040/56455__AST_EX_20220726_140401.jpeg,True,66040,337,Boardwalk < 1.2m High,DON'T KNOW ACQUISITION YEAR SEE SKEENA REC OFFICER,56455,AST_EX_20220726_140401.jpeg,,,Timber,,No,No railings,42.0,Timber/Wood,,Timber,,,True,medium (20-100m),,,
data/citywide/images/337/66539/89731__20250709_171644_resized.jpg,True,66539,337,Boardwalk < 1.2m High,"Weewanie Hs Backcountry; Three short sections of boardwalk.; Board between the hot springs and campsite.; 3 sections, all 36"" wide and using planks that are 2"" thick x 12"" wide x 36"" long. Section 1 is 1",89731,20250709_171644_resized.jpg,,,Timber,,No,No railings,100.0,Timber/Wood,,Timber,,,True,long (>100m),,,
data/citywide/images/337/66539/89730__20250709_171607_resized.jpg,True,66539,337,Boardwalk < 1.2m High,"Weewanie Hs Backcountry; Three short sections of boardwalk.; Board between the hot springs and campsite.; 3 sections, all 36"" wide and using planks that are 2"" thick x 12"" wide x 36"" long. Section 1 is 1",89730,20250709_171607_resized.jpg,,,Timber,,No,No railings,100.0,Timber/Wood,,Timber,,,True,long (>100m),,,
data/citywide/images/337/66539/89732__20250709_171704_resized.jpg,True,66539,337,Boardwalk < 1.2m High,"Weewanie Hs Backcountry; Three short sections of boardwalk.; Board between the hot springs and campsite.; 3 sections, all 36"" wide and using planks that are 2"" thick x 12"" wide x 36"" long. Section 1 is 1",89732,20250709_171704_resized.jpg,,,Timber,,No,No railings,100.0,Timber/Wood,,Timber,,,True,long (>100m),,,
data/citywide/images/337/81875/70329__AST_EX_20240703_100456.jpeg,True,81875,337,Boardwalk < 1.2m High,Boardwalk 150 m down natadesleen trail,70329,AST_EX_20240703_100456.jpeg,,,Timber,,No,No railings,150.0,,,Timber,,1.5,True,long (>100m),wide (>1.5m),,
data/citywide/images/337/81875/70358__AST_EX_20240703_100447.jpeg,True,81875,337,Boardwalk < 1.2m High,Boardwalk 150 m down natadesleen trail,70358,AST_EX_20240703_100447.jpeg,,,Timber,,No,No railings,150.0,,,Timber,,1.5,True,long (>100m),wide (>1.5m),,
data/citywide/images/337/81875/2856__AST_IM_20210627_111805.jpeg,True,81875,337,Boardwalk < 1.2m High,Boardwalk 150 m down natadesleen trail,2856,AST_IM_20210627_111805.jpeg,,,Timber,,No,No railings,150.0,,,Timber,,1.5,True,long (>100m),wide (>1.5m),,
data/citywide/images/337/81887/2850__AST_IM_20210627_113213.jpeg,True,81887,337,Boardwalk < 1.2m High,Boardwalk 325 m from natadesleen trailhead,2850,AST_IM_20210627_113213.jpeg,,,Timber,,No,No railings,325.0,,,Timber,,1.5,True,long (>100m),wide (>1.5m),,
data/citywide/images/337/81887/70357__AST_EX_20240703_095329.jpeg,True,81887,337,Boardwalk < 1.2m High,Boardwalk 325 m from natadesleen trailhead,70357,AST_EX_20240703_095329.jpeg,,,Timber,,No,No railings,325.0,,,Timber,,1.5,True,long (>100m),wide (>1.5m),,
data/citywide/images/337/81889/70330__AST_EX_20240703_101216.jpeg,True,81889,337,Boardwalk < 1.2m High,Boardwalk 50m from  trailhead,70330,AST_EX_20240703_101216.jpeg,,,Timber,,Yes,No railings,100.0,,,Timber,,2.0,True,long (>100m),wide (>1.5m),,
data/citywide/images/337/81889/2858__AST_IM_20210627_111057.jpeg,True,81889,337,Boardwalk < 1.2m High,Boardwalk 50m from  trailhead,2858,AST_IM_20210627_111057.jpeg,,,Timber,,Yes,No railings,100.0,,,Timber,,2.0,True,long (>100m),wide (>1.5m),,
data/citywide/images/337/81889/2859__AST_IM_20210627_111025.jpeg,True,81889,337,Boardwalk < 1.2m High,Boardwalk 50m from  trailhead,2859,AST_IM_20210627_111025.jpeg,,,Timber,,Yes,No railings,100.0,,,Timber,,2.0,True,long (>100m),wide (>1.5m),,
data/citywide/images/337/83898/9319__MI_20210729_092057.jpg,True,83898,337,Boardwalk < 1.2m High,"Rustic wood boardwalk, .5m wide, 4m long, rotting, bending, double milled timbers",9319,MI_20210729_092057.jpg,,,Timber,,No,No railings,4.0,,,Timber,,0.5,True,short (<20m),narrow (<0.9m),,
data/citywide/images/337/83458/7920__AST_IM_20210723_112048.jpeg,True,83458,337,Boardwalk < 1.2m High,,7920,AST_IM_20210723_112048.jpeg,,Beam,Timber,,,No railings,8.0,,,Timber,,1.5,True,short (<20m),wide (>1.5m),,
data/citywide/images/337/83934/9106__AST_IM_20210724_085314.jpeg,True,83934,337,Boardwalk < 1.2m High,12m long boardwalk on botanical loop trail,9106,AST_IM_20210724_085314.jpeg,,,Timber,,No,No railings,12.0,,,Timber,,,True,short (<20m),,,
data/citywide/images/337/83938/9102__AST_IM_20210724_085829.jpeg,True,83938,337,Boardwalk < 1.2m High,5m boardwalk on botanical loop trail,9102,AST_IM_20210724_085829.jpeg,,,Timber,,No,No railings,17.0,,,Timber,,,True,short (<20m),,,
data/citywide/images/337/83941/9112__AST_IM_20210724_085611.jpeg,True,83941,337,Boardwalk < 1.2m High,14m long boardwalk on botanical loop trail,9112,AST_IM_20210724_085611.jpeg,,,Timber,,No,No railings,20.0,,,Timber,,,True,medium (20-100m),,,
data/citywide/images/337/83943/9099__AST_IM_20210724_090032.jpeg,True,83943,337,Boardwalk < 1.2m High,4m long boardwalk on botanical loop trail,9099,AST_IM_20210724_090032.jpeg,,,Timber,,No,No railings,4.0,,,Timber,,,True,short (<20m),,,
data/citywide/images/337/83944/9107__AST_IM_20210724_091132.jpeg,True,83944,337,Boardwalk < 1.2m High,7m boardwalk on botanical loop trail,9107,AST_IM_20210724_091132.jpeg,,,Timber,,No,No railings,7.0,,,Timber,,,True,short (<20m),,,
data/citywide/images/337/83945/9131__AST_IM_20210724_081543.jpeg,True,83945,337,Boardwalk < 1.2m High,14m long boardwalk on botanical loop trail,9131,AST_IM_20210724_081543.jpeg,,,Timber,,No,No railings,15.0,,,Timber,,,True,short (<20m),,,
data/citywide/images/337/83950/9123__AST_IM_20210724_084917.jpeg,True,83950,337,Boardwalk < 1.2m High,8m long boardwalk on botanical loop trail,9123,AST_IM_20210724_084917.jpeg,,,Timber,,No,No railings,68.0,,,Timber,,,True,medium (20-100m),,,
data/citywide/images/337/83947/9125__AST_IM_20210724_085211.jpeg,True,83947,337,Boardwalk < 1.2m High,8m long boardwalk on botanical loop trail,9125,AST_IM_20210724_085211.jpeg,,,Timber,,No,No railings,40.0,,,Timber,,,True,medium (20-100m),,,
data/citywide/images/337/83952/9117__AST_IM_20210724_085713.jpeg,True,83952,337,Boardwalk < 1.2m High,6m long boardwalk on botanical loop trail,9117,AST_IM_20210724_085713.jpeg,,,Timber,,No,No railings,18.0,,,Timber,,,True,short (<20m),,,
data/citywide/images/337/83953/9105__AST_IM_20210724_085417.jpeg,True,83953,337,Boardwalk < 1.2m High,7m long boardwalk on botanical trail loop,9105,AST_IM_20210724_085417.jpeg,,,Timber,,No,No railings,14.0,,,Timber,,,True,short (<20m),,,
data/citywide/images/337/85078/11058__MI_20210805_093625.jpg,True,85078,337,Boardwalk < 1.2m High,"wood plank 1.5m wide, 20m long, 1m high",11058,MI_20210805_093625.jpg,,,Timber,,No,No railings,20.0,,,Timber,,1.5,True,medium (20-100m),wide (>1.5m),,
data/citywide/images/337/85171/11471__AST_IM_20210804_124101.jpeg,True,85171,337,Boardwalk < 1.2m High,Ray Farm; Specifications: 4M X 2M ; Comments: BRIDGES NEED REPLACEMENT,11471,AST_IM_20210804_124101.jpeg,Timber,Truss,Timber,,No,No railings,4.0,Timber/Wood,,Timber,,2.0,True,short (<20m),wide (>1.5m),,
data/citywide/images/337/85477/12420__AST_IM_20210804_110006.jpeg,True,85477,337,Boardwalk < 1.2m High,3m boardwalk,12420,AST_IM_20210804_110006.jpeg,,,Timber,,No,No railings,7.0,,,Timber,,,True,short (<20m),,,
data/citywide/images/337/85474/12430__AST_IM_20210804_104000.jpeg,True,85474,337,Boardwalk < 1.2m High,3 m boardwalk,12430,AST_IM_20210804_104000.jpeg,,,Timber,,No,No railings,19.0,,,Timber,,,True,short (<20m),,,
data/citywide/images/337/85479/12434__AST_IM_20210804_104047.jpeg,True,85479,337,Boardwalk < 1.2m High,3 m boardwalk with wood block stairs,12434,AST_IM_20210804_104047.jpeg,,,Timber,,No,No railings,9.0,,,Timber,,,True,short (<20m),,,
data/citywide/images/337/85484/12429__AST_IM_20210804_104856.jpeg,True,85484,337,Boardwalk < 1.2m High,3m long boardwalk,12429,AST_IM_20210804_104856.jpeg,,,Timber,,No,No railings,10.0,,,Timber,,,True,short (<20m),,,
data/citywide/images/337/85490/12412__AST_IM_20210804_110909.jpeg,True,85490,337,Boardwalk < 1.2m High,5m boardwalk,12412,AST_IM_20210804_110909.jpeg,,,Timber,,No,No railings,10.0,,,Timber,,,True,short (<20m),,,
data/citywide/images/337/85498/12417__AST_IM_20210804_110402.jpeg,True,85498,337,Boardwalk < 1.2m High,4m boardwalk,12417,AST_IM_20210804_110402.jpeg,,,Timber,,No,No railings,4.0,,,Timber,,,True,short (<20m),,,
data/citywide/images/337/85508/12494__MI_20210809_123700.jpg,True,85508,337,Boardwalk < 1.2m High,"bowron lake, Indian point portage, boardwalk, .75m, 30m, wood, 20%",12494,MI_20210809_123700.jpg,,,Timber,,No,No railings,42.0,,,Concrete,,0.75,True,medium (20-100m),narrow (<0.9m),,
data/citywide/images/337/85525/12468__MI_20210809_110539.jpg,True,85525,337,Boardwalk < 1.2m High,"bowron lake, kibbee lake portage, trail bridge, wood, truss, 1m, 10m, 80%",12468,MI_20210809_110539.jpg,,,Timber,,No,No railings,10.0,,,,,1.0,True,short (<20m),standard (0.9-1.5m),,
data/citywide/images/337/85545/12467__MI_20210809_145205.jpg,True,85545,337,Boardwalk < 1.2m High,"bowron lake, Issac lake Portage, boardwalk, 4m, 1.5m, wood, 80%",12467,MI_20210809_145205.jpg,,,Timber,,No,No railings,4.0,,,,,1.5,True,short (<20m),wide (>1.5m),,
data/citywide/images/337/85545/86253__AST_EX_20250807_142105.jpeg,True,85545,337,Boardwalk < 1.2m High,"bowron lake, Issac lake Portage, boardwalk, 4m, 1.5m, wood, 80%",86253,AST_EX_20250807_142105.jpeg,,,Timber,,No,No railings,4.0,,,,,1.5,True,short (<20m),wide (>1.5m),,
data/citywide/images/337/85558/12495__MI_20210810_113703.jpg,True,85558,337,Boardwalk < 1.2m High,"bowron lake, Issac lake, site 18, 1.5m, 5m, wood, 80%",12495,MI_20210810_113703.jpg,,,Timber,,No,No railings,5.0,,,Timber,,1.5,True,short (<20m),wide (>1.5m),,
data/citywide/images/337/85545/86255__AST_EX_20250807_142110.jpeg,True,85545,337,Boardwalk < 1.2m High,"bowron lake, Issac lake Portage, boardwalk, 4m, 1.5m, wood, 80%",86255,AST_EX_20250807_142110.jpeg,,,Timber,,No,No railings,4.0,,,,,1.5,True,short (<20m),wide (>1.5m),,
data/citywide/images/337/86006/85618__AST_EX_20250730_120827.jpeg,True,86006,337,Boardwalk < 1.2m High,4m long boardwalk,85618,AST_EX_20250730_120827.jpeg,,,Timber,,No,No railings,4.0,,,Timber,,,True,short (<20m),,,
data/citywide/images/337/85545/86266__AST_EX_20250807_142221.jpeg,True,85545,337,Boardwalk < 1.2m High,"bowron lake, Issac lake Portage, boardwalk, 4m, 1.5m, wood, 80%",86266,AST_EX_20250807_142221.jpeg,,,Timber,,No,No railings,4.0,,,,,1.5,True,short (<20m),wide (>1.5m),,
data/citywide/images/337/85558/73448__AST_EX_20240912_095341.jpeg,True,85558,337,Boardwalk < 1.2m High,"bowron lake, Issac lake, site 18, 1.5m, 5m, wood, 80%",73448,AST_EX_20240912_095341.jpeg,,,Timber,,No,No railings,5.0,,,Timber,,1.5,True,short (<20m),wide (>1.5m),,
data/citywide/images/337/86039/13276__AST_IM_20210811_143035.jpeg,True,86039,337,Boardwalk < 1.2m High,25m long boardwalk,13276,AST_IM_20210811_143035.jpeg,,,Timber,,No,No railings,25.0,,,Timber,,,True,medium (20-100m),,,
data/citywide/images/337/86030/13236__AST_IM_20210811_144511.jpeg,True,86030,337,Boardwalk < 1.2m High,4m long boardwalk,13236,AST_IM_20210811_144511.jpeg,,,Timber,,No,No railings,4.0,,,Timber,,,True,short (<20m),,,
data/citywide/images/337/86039/13279__AST_IM_20210811_142944.jpeg,True,86039,337,Boardwalk < 1.2m High,25m long boardwalk,13279,AST_IM_20210811_142944.jpeg,,,Timber,,No,No railings,25.0,,,Timber,,,True,medium (20-100m),,,
data/citywide/images/337/86039/13278__AST_IM_20210811_143010.jpeg,True,86039,337,Boardwalk < 1.2m High,25m long boardwalk,13278,AST_IM_20210811_143010.jpeg,,,Timber,,No,No railings,25.0,,,Timber,,,True,medium (20-100m),,,
data/citywide/images/337/86039/13277__AST_IM_20210811_143024.jpeg,True,86039,337,Boardwalk < 1.2m High,25m long boardwalk,13277,AST_IM_20210811_143024.jpeg,,,Timber,,No,No railings,25.0,,,Timber,,,True,medium (20-100m),,,
data/citywide/images/337/86052/13273__AST_IM_20210811_142600.jpeg,True,86052,337,Boardwalk < 1.2m High,5m long boardwalk,13273,AST_IM_20210811_142600.jpeg,,,Timber,,No,No railings,10.0,,,Timber,,,True,short (<20m),,,
data/citywide/images/337/86065/13251__AST_IM_20210811_145342.jpeg,True,86065,337,Boardwalk < 1.2m High,4m long boardwalk,13251,AST_IM_20210811_145342.jpeg,,,Timber,,No,No railings,16.0,,,Timber,,,True,short (<20m),,,
data/citywide/images/337/86066/13272__AST_IM_20210811_142413.jpeg,True,86066,337,Boardwalk < 1.2m High,4m long boardwalk,13272,AST_IM_20210811_142413.jpeg,,,Timber,,No,No railings,9.0,,,Timber,,,True,short (<20m),,,
data/citywide/images/337/86068/13257__AST_IM_20210811_144349.jpeg,True,86068,337,Boardwalk < 1.2m High,7m long boardwalk,13257,AST_IM_20210811_144349.jpeg,,,Timber,,No,No railings,8.0,,,Timber,,,True,short (<20m),,,
data/citywide/images/337/86068/13259__AST_IM_20210811_144318.jpeg,True,86068,337,Boardwalk < 1.2m High,7m long boardwalk,13259,AST_IM_20210811_144318.jpeg,,,Timber,,No,No railings,8.0,,,Timber,,,True,short (<20m),,,
data/citywide/images/337/86069/13240__AST_IM_20210811_143916.jpeg,True,86069,337,Boardwalk < 1.2m High,8m long boardwalk,13240,AST_IM_20210811_143916.jpeg,,,Timber,,No,No railings,11.0,,,Timber,,,True,short (<20m),,,
data/citywide/images/337/86071/13292__AST_IM_20210811_134355.jpeg,True,86071,337,Boardwalk < 1.2m High,2m long boardwalk,13292,AST_IM_20210811_134355.jpeg,,,Timber,,No,No railings,4.0,,,Timber,,,True,short (<20m),,,
data/citywide/images/337/86074/13245__AST_IM_20210811_143952.jpeg,True,86074,337,Boardwalk < 1.2m High,7m long boardwalk,13245,AST_IM_20210811_143952.jpeg,,,Timber,,No,No railings,15.0,,,Timber,,,True,short (<20m),,,
data/citywide/images/337/86075/13239__AST_IM_20210811_144022.jpeg,True,86075,337,Boardwalk < 1.2m High,11m long boardwalk,13239,AST_IM_20210811_144022.jpeg,,,Timber,,No,No railings,14.0,,,Timber,,,True,short (<20m),,,
data/citywide/images/337/86080/13258__AST_IM_20210811_145142.jpeg,True,86080,337,Boardwalk < 1.2m High,5m long boardwalk,13258,AST_IM_20210811_145142.jpeg,,,Timber,,No,No railings,10.0,,,Timber,,,True,short (<20m),,,
data/citywide/images/337/86084/13242__AST_IM_20210811_143845.jpeg,True,86084,337,Boardwalk < 1.2m High,4m long boardwalk,13242,AST_IM_20210811_143845.jpeg,,,Timber,,No,No railings,7.0,,,Timber,,,True,short (<20m),,,
data/citywide/images/337/86083/13249__AST_IM_20210811_143342.jpeg,True,86083,337,Boardwalk < 1.2m High,5m log bridge,13249,AST_IM_20210811_143342.jpeg,Timber,Beam,,,,No railings,5.0,,,Timber,,,True,short (<20m),,,
data/citywide/images/337/86085/13233__AST_IM_20210811_144602.jpeg,True,86085,337,Boardwalk < 1.2m High,4m long boardwalk,13233,AST_IM_20210811_144602.jpeg,,,Timber,,No,No railings,7.0,,,Timber,,,True,short (<20m),,,
data/citywide/images/337/86092/13218__AST_IM_20210811_145701.jpeg,True,86092,337,Boardwalk < 1.2m High,15m long boardwalk,13218,AST_IM_20210811_145701.jpeg,,,Timber,,No,No railings,15.0,,,Timber,,,True,short (<20m),,,
data/citywide/images/337/86092/13219__AST_IM_20210811_145644.jpeg,True,86092,337,Boardwalk < 1.2m High,15m long boardwalk,13219,AST_IM_20210811_145644.jpeg,,,Timber,,No,No railings,15.0,,,Timber,,,True,short (<20m),,,
data/citywide/images/337/86093/13235__AST_IM_20210811_145205.jpeg,True,86093,337,Boardwalk < 1.2m High,14m long boardwalk,13235,AST_IM_20210811_145205.jpeg,,,Timber,,No,No railings,24.0,,,Timber,,,True,medium (20-100m),,,
data/citywide/images/337/86096/13255__AST_IM_20210811_144537.jpeg,True,86096,337,Boardwalk < 1.2m High,2m long boardwalk,13255,AST_IM_20210811_144537.jpeg,,,Timber,,No,No railings,11.0,,,Timber,,,True,short (<20m),,,
data/citywide/images/337/86087/13241__AST_IM_20210811_144246.jpeg,True,86087,337,Boardwalk < 1.2m High,4m long boardwalk,13241,AST_IM_20210811_144246.jpeg,,,Timber,,No,No railings,9.0,,,Timber,,,True,short (<20m),,,
data/citywide/images/337/86101/13254__AST_IM_20210811_144638.jpeg,True,86101,337,Boardwalk < 1.2m High,10m long boardwalk,13254,AST_IM_20210811_144638.jpeg,,,Timber,,No,No railings,12.0,,,Timber,,,True,short (<20m),,,
data/citywide/images/337/86104/13247__AST_IM_20210811_143113.jpeg,True,86104,337,Boardwalk < 1.2m High,9m long boardwalk,13247,AST_IM_20210811_143113.jpeg,,,Timber,,No,No railings,16.0,,,Timber,,,True,short (<20m),,,
data/citywide/images/337/86103/13221__AST_IM_20210811_145502.jpeg,True,86103,337,Boardwalk < 1.2m High,6m long boardwalk,13221,AST_IM_20210811_145502.jpeg,,,Timber,,No,No railings,7.0,,,Timber,,,True,short (<20m),,,
data/citywide/images/337/86105/13274__AST_IM_20210811_141716.jpeg,True,86105,337,Boardwalk < 1.2m High,"4m log boardwalk, garbage",13274,AST_IM_20210811_141716.jpeg,,,Timber,,No,No railings,13.0,,,Timber,,,True,short (<20m),,,
data/citywide/images/337/86108/13256__AST_IM_20210811_145616.jpeg,True,86108,337,Boardwalk < 1.2m High,6m long boardwalk,13256,AST_IM_20210811_145616.jpeg,,,Timber,,No,No railings,7.0,,,Timber,,,True,short (<20m),,,
data/citywide/images/337/86106/13264__AST_IM_20210811_143142.jpeg,True,86106,337,Boardwalk < 1.2m High,9m long boardwalk,13264,AST_IM_20210811_143142.jpeg,,,Timber,,No,No railings,9.0,,,Timber,,,True,short (<20m),,,
data/citywide/images/337/86114/13212__AST_IM_20210811_150122.jpeg,True,86114,337,Boardwalk < 1.2m High,3m long boardwalk,13212,AST_IM_20210811_150122.jpeg,,,Timber,,No,No railings,4.0,,,Timber,,,True,short (<20m),,,
data/citywide/images/337/86117/13201__AST_IM_20210811_150638.jpeg,True,86117,337,Boardwalk < 1.2m High,13m boardwalk,13201,AST_IM_20210811_150638.jpeg,,,Timber,,No,No railings,15.0,,,Timber,,,True,short (<20m),,,
data/citywide/images/337/86119/13204__AST_IM_20210811_150828.jpeg,True,86119,337,Boardwalk < 1.2m High,"6m boardwalk, fair",13204,AST_IM_20210811_150828.jpeg,,,Timber,,No,No railings,10.0,,,Timber,,,True,short (<20m),,,
data/citywide/images/337/86111/13244__AST_IM_20210811_144133.jpeg,True,86111,337,Boardwalk < 1.2m High,12m long boardwalk,13244,AST_IM_20210811_144133.jpeg,,,Timber,,No,No railings,12.0,,,Timber,,,True,short (<20m),,,
data/citywide/images/337/86124/13209__AST_IM_20210811_150323.jpeg,True,86124,337,Boardwalk < 1.2m High,12m Log boardwalk,13209,AST_IM_20210811_150323.jpeg,,,Timber,,No,No railings,15.0,,,Timber,,,True,short (<20m),,,
data/citywide/images/337/86125/13220__AST_IM_20210811_150933.jpeg,True,86125,337,Boardwalk < 1.2m High,4m boardwalk,13220,AST_IM_20210811_150933.jpeg,,,Timber,,No,No railings,4.0,,,Timber,,,True,short (<20m),,,
data/citywide/images/337/86123/13200__AST_IM_20210811_150731.jpeg,True,86123,337,Boardwalk < 1.2m High,8m boardwalk,13200,AST_IM_20210811_150731.jpeg,,,Timber,,No,No railings,10.0,,,Timber,,,True,short (<20m),,,
data/citywide/images/337/86127/13194__AST_IM_20210811_151210.jpeg,True,86127,337,Boardwalk < 1.2m High,4m boardwalk,13194,AST_IM_20210811_151210.jpeg,,,Timber,,No,No railings,4.0,,,Timber,,,True,short (<20m),,,
data/citywide/images/337/86133/13229__AST_IM_20210811_150349.jpeg,True,86133,337,Boardwalk < 1.2m High,4m boardwalk,13229,AST_IM_20210811_150349.jpeg,,,Timber,,No,No railings,4.0,,,Timber,,,True,short (<20m),,,
data/citywide/images/337/86135/13208__AST_IM_20210811_150444.jpeg,True,86135,337,Boardwalk < 1.2m High,20m long boardwalk,13208,AST_IM_20210811_150444.jpeg,,,Timber,,No,No railings,38.0,,,Timber,,,True,medium (20-100m),,,
data/citywide/images/337/86136/13199__AST_IM_20210811_150900.jpeg,True,86136,337,Boardwalk < 1.2m High,15m boardwalk,13199,AST_IM_20210811_150900.jpeg,,,Timber,,No,No railings,15.0,,,Timber,,,True,short (<20m),,,
data/citywide/images/337/86137/13198__AST_IM_20210811_150759.jpeg,True,86137,337,Boardwalk < 1.2m High,4m boardwalk,13198,AST_IM_20210811_150759.jpeg,,,Timber,,No,No railings,4.0,,,Timber,,,True,short (<20m),,,
data/citywide/images/337/86140/13184__AST_IM_20210811_152400.jpeg,True,86140,337,Boardwalk < 1.2m High,40m boardwalk,13184,AST_IM_20210811_152400.jpeg,,,Timber,,No,No railings,40.0,,,Timber,,,True,medium (20-100m),,,
data/citywide/images/337/86140/13183__AST_IM_20210811_152410.jpeg,True,86140,337,Boardwalk < 1.2m High,40m boardwalk,13183,AST_IM_20210811_152410.jpeg,,,Timber,,No,No railings,40.0,,,Timber,,,True,medium (20-100m),,,
data/citywide/images/337/86140/13186__AST_IM_20210811_152318.jpeg,True,86140,337,Boardwalk < 1.2m High,40m boardwalk,13186,AST_IM_20210811_152318.jpeg,,,Timber,,No,No railings,40.0,,,Timber,,,True,medium (20-100m),,,
data/citywide/images/337/86140/13185__AST_IM_20210811_152346.jpeg,True,86140,337,Boardwalk < 1.2m High,40m boardwalk,13185,AST_IM_20210811_152346.jpeg,,,Timber,,No,No railings,40.0,,,Timber,,,True,medium (20-100m),,,
data/citywide/images/337/86145/13179__AST_IM_20210811_152450.jpeg,True,86145,337,Boardwalk < 1.2m High,5m boardwalk,13179,AST_IM_20210811_152450.jpeg,,,Timber,,No,No railings,10.0,,,Timber,,,True,short (<20m),,,
data/citywide/images/337/86148/13166__AST_IM_20210811_160334.jpeg,True,86148,337,Boardwalk < 1.2m High,7m boardwalk,13166,AST_IM_20210811_160334.jpeg,,,Timber,,No,No railings,17.0,,,Timber,,,True,short (<20m),,,
data/citywide/images/337/86152/13176__AST_IM_20210811_153215.jpeg,True,86152,337,Boardwalk < 1.2m High,12m log bridge,13176,AST_IM_20210811_153215.jpeg,Timber,Beam,,,,No railings,12.0,,,Timber,,,True,short (<20m),,,
data/citywide/images/337/86157/13162__AST_IM_20210811_160058.jpeg,True,86157,337,Boardwalk < 1.2m High,17m boardwalk,13162,AST_IM_20210811_160058.jpeg,,,Timber,,No,No railings,17.0,,,Timber,,,True,short (<20m),,,
data/citywide/images/337/86162/13187__AST_IM_20210811_153031.jpeg,True,86162,337,Boardwalk < 1.2m High,"17m boardwalk, garbage",13187,AST_IM_20210811_153031.jpeg,,,Timber,,No,No railings,17.0,,,Timber,,,True,short (<20m),,,
data/citywide/images/337/86162/13188__AST_IM_20210811_153003.jpeg,True,86162,337,Boardwalk < 1.2m High,"17m boardwalk, garbage",13188,AST_IM_20210811_153003.jpeg,,,Timber,,No,No railings,17.0,,,Timber,,,True,short (<20m),,,
data/citywide/images/337/86162/13189__AST_IM_20210811_152942.jpeg,True,86162,337,Boardwalk < 1.2m High,"17m boardwalk, garbage",13189,AST_IM_20210811_152942.jpeg,,,Timber,,No,No railings,17.0,,,Timber,,,True,short (<20m),,,
data/citywide/images/337/86169/13153__AST_IM_20210811_161711.jpeg,True,86169,337,Boardwalk < 1.2m High,8m boardwalk,13153,AST_IM_20210811_161711.jpeg,,,Timber,,No,No railings,8.0,,,Timber,,,True,short (<20m),,,
data/citywide/images/337/86172/13143__AST_IM_20210811_161350.jpeg,True,86172,337,Boardwalk < 1.2m High,7m log boardwalk,13143,AST_IM_20210811_161350.jpeg,,,Timber,,No,No railings,80.0,,,,,,True,medium (20-100m),,,
data/citywide/images/337/86170/13147__AST_IM_20210811_161312.jpeg,True,86170,337,Boardwalk < 1.2m High,8m boardwalk,13147,AST_IM_20210811_161312.jpeg,,,,,No,No railings,8.0,,,Timber,,,True,short (<20m),,,
data/citywide/images/337/86176/13171__AST_IM_20210811_161240.jpeg,True,86176,337,Boardwalk < 1.2m High,6m boardwalk,13171,AST_IM_20210811_161240.jpeg,,,Timber,,No,No railings,8.0,,,,,,True,short (<20m),,,
data/citywide/images/337/86178/13163__AST_IM_20210811_160718.jpeg,True,86178,337,Boardwalk < 1.2m High,7m boardwalk,13163,AST_IM_20210811_160718.jpeg,,,Timber,,No,No railings,12.0,,,Timber,,,True,short (<20m),,,
data/citywide/images/337/86181/13118__AST_IM_20210811_162701.jpeg,True,86181,337,Boardwalk < 1.2m High,4m boardwalk,13118,AST_IM_20210811_162701.jpeg,,,Timber,,No,No railings,5.486,,,Timber,,,True,short (<20m),,,
data/citywide/images/337/86183/13104__AST_IM_20210811_163524.jpeg,True,86183,337,Boardwalk < 1.2m High,6m boardwalk,13104,AST_IM_20210811_163524.jpeg,,,Timber,,No,No railings,7.0,,,Timber,,,True,short (<20m),,,
data/citywide/images/337/86185/13072__AST_IM_20210811_165711.jpeg,True,86185,337,Boardwalk < 1.2m High,4m boardwalk,13072,AST_IM_20210811_165711.jpeg,,,Timber,,No,No railings,19.0,,,Timber,,,True,short (<20m),,,
data/citywide/images/337/86182/13145__AST_IM_20210811_161426.jpeg,True,86182,337,Boardwalk < 1.2m High,6m boardwalk,13145,AST_IM_20210811_161426.jpeg,,,Timber,,No,No railings,6.401,,,Timber,,,True,short (<20m),,,
data/citywide/images/337/86186/13096__AST_IM_20210811_163800.jpeg,True,86186,337,Boardwalk < 1.2m High,7m boardwalk,13096,AST_IM_20210811_163800.jpeg,,,Timber,,No,No railings,30.0,,,Timber,,,True,medium (20-100m),,,
data/citywide/images/337/86191/13110__AST_IM_20210811_163311.jpeg,True,86191,337,Boardwalk < 1.2m High,4m boardwalk,13110,AST_IM_20210811_163311.jpeg,,,Timber,,No,No railings,120.0,,,Timber,,,True,long (>100m),,,
data/citywide/images/337/86194/13112__AST_IM_20210811_162838.jpeg,True,86194,337,Boardwalk < 1.2m High,4m boardwalk,13112,AST_IM_20210811_162838.jpeg,,,Timber,,No,No railings,20.0,,,Timber,,,True,medium (20-100m),,,
data/citywide/images/337/86193/13138__AST_IM_20210811_162538.jpeg,True,86193,337,Boardwalk < 1.2m High,4m log boardwalk,13138,AST_IM_20210811_162538.jpeg,,,Timber,,No,No railings,7.0,,,Timber,,,True,short (<20m),,,
data/citywide/images/337/86195/13108__AST_IM_20210811_162913.jpeg,True,86195,337,Boardwalk < 1.2m High,7m boardwalk,13108,AST_IM_20210811_162913.jpeg,,,Timber,,No,No railings,7.0,,,Timber,,,True,short (<20m),,,
data/citywide/images/337/86204/13097__AST_IM_20210811_164251.jpeg,True,86204,337,Boardwalk < 1.2m High,2m boardwalk,13097,AST_IM_20210811_164251.jpeg,,,Timber,,No,No railings,50.0,,,Timber,,,True,medium (20-100m),,,
data/citywide/images/337/86205/13099__AST_IM_20210811_163416.jpeg,True,86205,337,Boardwalk < 1.2m High,7m boardwalk,13099,AST_IM_20210811_163416.jpeg,,,Timber,,No,No railings,15.0,,,Timber,,,True,short (<20m),,,
data/citywide/images/337/86199/13124__AST_IM_20210811_162150.jpeg,True,86199,337,Boardwalk < 1.2m High,8m boardwalk,13124,AST_IM_20210811_162150.jpeg,,,Timber,,No,No railings,48.0,,,Timber,,,True,medium (20-100m),,,
data/citywide/images/337/86206/13155__AST_IM_20210811_162622.jpeg,True,86206,337,Boardwalk < 1.2m High,"10m boardwalk, garbage",13155,AST_IM_20210811_162622.jpeg,,,,,No,No railings,50.0,,,,,,True,medium (20-100m),,,
data/citywide/images/337/86210/13113__AST_IM_20210811_164111.jpeg,True,86210,337,Boardwalk < 1.2m High,16m boardwalk,13113,AST_IM_20210811_164111.jpeg,,,Timber,,No,No railings,100.0,,,Timber,,,True,long (>100m),,,
data/citywide/images/337/86210/13114__AST_IM_20210811_164105.jpeg,True,86210,337,Boardwalk < 1.2m High,16m boardwalk,13114,AST_IM_20210811_164105.jpeg,,,Timber,,No,No railings,100.0,,,Timber,,,True,long (>100m),,,
data/citywide/images/337/86206/13156__AST_IM_20210811_162608.jpeg,True,86206,337,Boardwalk < 1.2m High,"10m boardwalk, garbage",13156,AST_IM_20210811_162608.jpeg,,,,,No,No railings,50.0,,,,,,True,medium (20-100m),,,
data/citywide/images/337/86210/13116__AST_IM_20210811_164045.jpeg,True,86210,337,Boardwalk < 1.2m High,16m boardwalk,13116,AST_IM_20210811_164045.jpeg,,,Timber,,No,No railings,100.0,,,Timber,,,True,long (>100m),,,
data/citywide/images/337/86215/13128__AST_IM_20210811_161819.jpeg,True,86215,337,Boardwalk < 1.2m High,4m boardwalk,13128,AST_IM_20210811_161819.jpeg,,,Timber,,No,No railings,12.0,,,Timber,,,True,short (<20m),,,
data/citywide/images/337/86217/13075__AST_IM_20210811_165238.jpeg,True,86217,337,Boardwalk < 1.2m High,2m log boardwalk,13075,AST_IM_20210811_165238.jpeg,,,Timber,,No,No railings,12.0,,,Timber,,,True,short (<20m),,,
data/citywide/images/337/86222/13067__AST_IM_20210811_170123.jpeg,True,86222,337,Boardwalk < 1.2m High,"8m boardwalk, garbage, covered by washout",13067,AST_IM_20210811_170123.jpeg,,,Timber,,No,No railings,8.0,,,Timber,,,True,short (<20m),,,
data/citywide/images/337/86224/13117__AST_IM_20210811_162722.jpeg,True,86224,337,Boardwalk < 1.2m High,8m boardwalk,13117,AST_IM_20210811_162722.jpeg,,,Timber,,No,No railings,25.0,,,Timber,,,True,medium (20-100m),,,
data/citywide/images/337/86223/13146__AST_IM_20210811_161124.jpeg,True,86223,337,Boardwalk < 1.2m High,6m boardwalk,13146,AST_IM_20210811_161124.jpeg,,,,,No,No railings,35.0,,,Timber,,,True,medium (20-100m),,,
data/citywide/images/337/86226/13105__AST_IM_20210811_164011.jpeg,True,86226,337,Boardwalk < 1.2m High,11m boardwalk,13105,AST_IM_20210811_164011.jpeg,,,Timber,,No,No railings,11.0,,,Timber,,,True,short (<20m),,,
data/citywide/images/337/86219/13091__AST_IM_20210811_164134.jpeg,True,86219,337,Boardwalk < 1.2m High,5m boardwalk,13091,AST_IM_20210811_164134.jpeg,,,Timber,,No,No railings,35.0,,,Timber,,,True,medium (20-100m),,,
data/citywide/images/337/86225/13093__AST_IM_20210811_164625.jpeg,True,86225,337,Boardwalk < 1.2m High,3m log boardwalk,13093,AST_IM_20210811_164625.jpeg,,,Timber,,No,No railings,30.0,,,Timber,,,True,medium (20-100m),,,
data/citywide/images/337/86231/13094__AST_IM_20210811_163929.jpeg,True,86231,337,Boardwalk < 1.2m High,16m log boardwalk,13094,AST_IM_20210811_163929.jpeg,,,Timber,,No,No railings,16.0,,,Timber,,,True,short (<20m),,,
data/citywide/images/337/86229/13111__AST_IM_20210811_163857.jpeg,True,86229,337,Boardwalk < 1.2m High,2m boardwalk,13111,AST_IM_20210811_163857.jpeg,,,Timber,,No,No railings,50.0,,,Timber,,,True,medium (20-100m),,,
data/citywide/images/337/86232/13066__AST_IM_20210811_170205.jpeg,True,86232,337,Boardwalk < 1.2m High,7m boardwalk,13066,AST_IM_20210811_170205.jpeg,,,Timber,,No,No railings,25.0,,,Timber,,,True,medium (20-100m),,,
data/citywide/images/337/86236/13074__AST_IM_20210811_165847.jpeg,True,86236,337,Boardwalk < 1.2m High,4m boardwalk,13074,AST_IM_20210811_165847.jpeg,,,Timber,,No,No railings,12.0,,,Timber,,,True,short (<20m),,,
data/citywide/images/337/86253/13063__AST_IM_20210811_170608.jpeg,True,86253,337,Boardwalk < 1.2m High,2m boardwalk,13063,AST_IM_20210811_170608.jpeg,,,Timber,,No,No railings,12.0,,,Timber,,,True,short (<20m),,,
data/citywide/images/337/86256/13062__AST_IM_20210811_170714.jpeg,True,86256,337,Boardwalk < 1.2m High,4m boardwalk,13062,AST_IM_20210811_170714.jpeg,,,Timber,,No,No railings,35.0,,,Timber,,,True,medium (20-100m),,,
data/citywide/images/337/87530/17613__AST_IM_20210818_095533.jpeg,True,87530,337,Boardwalk < 1.2m High,Section 3; Pressure treated boards on log sills,17613,AST_IM_20210818_095533.jpeg,,,Timber,,No,No railings,10.0,,,Timber,,0.5,True,short (<20m),narrow (<0.9m),,
data/citywide/images/337/87561/17607__AST_IM_20210818_095829.jpeg,True,87561,337,Boardwalk < 1.2m High,Section 5; pressure treated boards on log stringers,17607,AST_IM_20210818_095829.jpeg,,,,,No,No railings,5.0,,,,,0.5,True,short (<20m),narrow (<0.9m),,
data/citywide/images/337/87575/17600__AST_IM_20210818_101024.jpeg,True,87575,337,Boardwalk < 1.2m High,Section 9; Pressure treated boards on log stringers. Gabion mid span.,17600,AST_IM_20210818_101024.jpeg,Timber,Beam,Timber,,No,No railings,10.0,,,Timber,,1.0,True,short (<20m),standard (0.9-1.5m),,
data/citywide/images/337/87575/77510__Photo_2024-08-30__09_01_33.jpg,True,87575,337,Boardwalk < 1.2m High,Section 9; Pressure treated boards on log stringers. Gabion mid span.,77510,"Photo 2024-08-30, 09 01 33.jpg",Timber,Beam,Timber,,No,No railings,10.0,,,Timber,,1.0,True,short (<20m),standard (0.9-1.5m),,
data/citywide/images/337/87554/17654__AST_IM_20210817_135229.jpeg,True,87554,337,Boardwalk < 1.2m High,Section 3- pressure treated lumber on plastic sills,17654,AST_IM_20210817_135229.jpeg,,,Timber,,No,No railings,6.0,,,Timber,,0.5,True,short (<20m),narrow (<0.9m),,
data/citywide/images/337/87583/17614__AST_IM_20210818_094450.jpeg,True,87583,337,Boardwalk < 1.2m High,Section 1; Pressure treated boards on log sills.,17614,AST_IM_20210818_094450.jpeg,,,Timber,,No,No railings,12.0,,,Timber,,0.5,True,short (<20m),narrow (<0.9m),,
data/citywide/images/337/87583/77518__Photo_2024-08-29__16_39_08.jpg,True,87583,337,Boardwalk < 1.2m High,Section 1; Pressure treated boards on log sills.,77518,"Photo 2024-08-29, 16 39 08.jpg",,,Timber,,No,No railings,12.0,,,Timber,,0.5,True,short (<20m),narrow (<0.9m),,
data/citywide/images/337/87845/18258__AST_IM_20210824_115547.jpeg,True,87845,337,Boardwalk < 1.2m High,Marble River Trail; Additional notes: 30m replaced in 2017;,18258,AST_IM_20210824_115547.jpeg,,,,,No,No railings,30.0,,,,,,True,medium (20-100m),,,
data/citywide/images/337/87845/76047__s4bridge4.jpg,True,87845,337,Boardwalk < 1.2m High,Marble River Trail; Additional notes: 30m replaced in 2017;,76047,s4bridge4.jpg,,,,,No,No railings,30.0,,,,,,True,medium (20-100m),,,
data/citywide/images/337/88089/18844__AST_IM_20210826_125147.jpeg,True,88089,337,Boardwalk < 1.2m High,Moderate,18844,AST_IM_20210826_125147.jpeg,Timber,,Timber,,,No railings,3.5,,,,,,True,short (<20m),,,
data/citywide/images/337/88097/18830__AST_IM_20210826_140829.jpeg,True,88097,337,Boardwalk < 1.2m High,,18830,AST_IM_20210826_140829.jpeg,Timber,Beam,Timber,,,No railings,3.0,,,Timber,,,True,short (<20m),,,
data/citywide/images/337/88112/18819__AST_IM_20210826_143009.jpeg,False,88112,337,Boardwalk < 1.2m High,20m. Pull out,18819,AST_IM_20210826_143009.jpeg,,,,,,,21.3,,,,,,True,medium (20-100m),,,
data/citywide/images/337/88113/18820__AST_IM_20210826_143101.jpeg,False,88113,337,Boardwalk < 1.2m High,pull out - 10m,18820,AST_IM_20210826_143101.jpeg,,,,,,,150.0,,,,,,True,long (>100m),,,
data/citywide/images/337/88108/18843__AST_IM_20210826_134852.jpeg,False,88108,337,Boardwalk < 1.2m High,,18843,AST_IM_20210826_134852.jpeg,,,,,,,5.0,,,,,,True,short (<20m),,,
data/citywide/images/337/88115/18812__AST_IM_20210826_143310.jpeg,False,88115,337,Boardwalk < 1.2m High,pull out - 10m,18812,AST_IM_20210826_143310.jpeg,,,,,,,30.0,,,,,,True,medium (20-100m),,,
data/citywide/images/337/88116/18814__AST_IM_20210826_143223.jpeg,False,88116,337,Boardwalk < 1.2m High,pull out - 10m,18814,AST_IM_20210826_143223.jpeg,,,,,,,30.0,,,,,,True,medium (20-100m),,,
data/citywide/images/337/88121/18804__AST_IM_20210826_143458.jpeg,False,88121,337,Boardwalk < 1.2m High,10m pull out,18804,AST_IM_20210826_143458.jpeg,,,,,,,10.0,,,,,,True,short (<20m),,,
data/citywide/images/337/88126/18805__AST_IM_20210826_143535.jpeg,False,88126,337,Boardwalk < 1.2m High,pull put 15m,18805,AST_IM_20210826_143535.jpeg,,,,,,,15.0,,,,,,True,short (<20m),,,
data/citywide/images/337/88139/18878__MI_20210826_114844.jpg,False,88139,337,Boardwalk < 1.2m High,fair,18878,MI_20210826_114844.jpg,,,,,,,45.0,,,,,,True,medium (20-100m),,,
data/citywide/images/337/88142/18867__MI_20210826_112401.jpg,False,88142,337,Boardwalk < 1.2m High,,18867,MI_20210826_112401.jpg,,,,,,,30.0,,,,,,True,medium (20-100m),,,
data/citywide/images/337/88141/18880__MI_20210826_113342.jpg,False,88141,337,Boardwalk < 1.2m High,fair,18880,MI_20210826_113342.jpg,,,,,,,35.0,,,,,,True,medium (20-100m),,,
data/citywide/images/337/88144/18884__MI_20210826_115024.jpg,False,88144,337,Boardwalk < 1.2m High,,18884,MI_20210826_115024.jpg,,,,,,,12.0,,,,,,True,short (<20m),,,
data/citywide/images/337/88140/18863__MI_20210826_112234.jpg,False,88140,337,Boardwalk < 1.2m High,fair,18863,MI_20210826_112234.jpg,,,,,,,80.0,,,,,,True,medium (20-100m),,,
data/citywide/images/337/88147/18858__MI_20210826_112506.jpg,False,88147,337,Boardwalk < 1.2m High,,18858,MI_20210826_112506.jpg,,,,,,,4.0,,,,,,True,short (<20m),,,
data/citywide/images/337/88151/18877__MI_20210826_114941.jpg,False,88151,337,Boardwalk < 1.2m High,,18877,MI_20210826_114941.jpg,,,,,,,21.0,,,,,,True,medium (20-100m),,,
data/citywide/images/337/88153/18902__MI_20210826_130332.jpg,False,88153,337,Boardwalk < 1.2m High,,18902,MI_20210826_130332.jpg,,,,,,,8.0,,,,,,True,short (<20m),,,
data/citywide/images/337/88154/18895__MI_20210826_115242.jpg,False,88154,337,Boardwalk < 1.2m High,,18895,MI_20210826_115242.jpg,,,,,,,15.0,,,,,,True,short (<20m),,,
data/citywide/images/337/88155/18859__MI_20210826_112318.jpg,False,88155,337,Boardwalk < 1.2m High,,18859,MI_20210826_112318.jpg,,,,,,,15.0,,,,,,True,short (<20m),,,
data/citywide/images/337/88158/18865__MI_20210826_143314.jpg,False,88158,337,Boardwalk < 1.2m High,,18865,MI_20210826_143314.jpg,,,,,,,5.0,,,,,,True,short (<20m),,,
data/citywide/images/337/88157/18900__MI_20210826_130440.jpg,False,88157,337,Boardwalk < 1.2m High,,18900,MI_20210826_130440.jpg,,,,,,,20.0,,,,,,True,medium (20-100m),,,
data/citywide/images/337/88159/18875__MI_20210826_115048.jpg,False,88159,337,Boardwalk < 1.2m High,,18875,MI_20210826_115048.jpg,,,,,,,175.0,,,,,,True,long (>100m),,,
data/citywide/images/337/88160/18861__MI_20210826_142939.jpg,False,88160,337,Boardwalk < 1.2m High,,18861,MI_20210826_142939.jpg,,,,,,,4.0,,,,,,True,short (<20m),,,
data/citywide/images/337/88167/18886__MI_20210826_114046.jpg,False,88167,337,Boardwalk < 1.2m High,,18886,MI_20210826_114046.jpg,,,,,,,15.0,,,,,,True,short (<20m),,,
data/citywide/images/337/88168/18874__MI_20210826_142647.jpg,False,88168,337,Boardwalk < 1.2m High,,18874,MI_20210826_142647.jpg,,,,,,,30.0,,,,,,True,medium (20-100m),,,
data/citywide/images/337/88170/18888__MI_20210826_143015.jpg,False,88170,337,Boardwalk < 1.2m High,,18888,MI_20210826_143015.jpg,,,,,,,7.0,,,,,,True,short (<20m),,,
data/citywide/images/337/88171/18866__MI_20210826_142734.jpg,False,88171,337,Boardwalk < 1.2m High,,18866,MI_20210826_142734.jpg,,,,,,,12.0,,,,,,True,short (<20m),,,
data/citywide/images/337/88191/76417__AST_EX_20241025_091423.jpeg,True,88191,337,Boardwalk < 1.2m High,New as of 2022,76417,AST_EX_20241025_091423.jpeg,,,,,,,24.4,,,,,,True,medium (20-100m),,,
data/citywide/images/337/88194/76407__AST_EX_20241025_092618.jpeg,True,88194,337,Boardwalk < 1.2m High,New as of 2022.,76407,AST_EX_20241025_092618.jpeg,,,,,,,20.0,,,,,,True,medium (20-100m),,,
data/citywide/images/337/88202/76418__AST_EX_20241025_092531.jpeg,True,88202,337,Boardwalk < 1.2m High,New as of 2022,76418,AST_EX_20241025_092531.jpeg,,,,,,,21.3,,,,,,True,medium (20-100m),,,
data/citywide/images/337/88182/18873__MI_20210826_142759.jpg,False,88182,337,Boardwalk < 1.2m High,,18873,MI_20210826_142759.jpg,,,,,,,40.0,,,,,,True,medium (20-100m),,,
data/citywide/images/337/88273/72603__AST_EX_20240817_171009.jpeg,True,88273,337,Boardwalk < 1.2m High,8aEUR(TM) long footbridge. 2 broken 4x4 stringers. 2 aEUR~ wide 2x6 decking. All treated wood.  | Could replace with rocks for steps.,72603,AST_EX_20240817_171009.jpeg,,,Timber,,No,No railings,2.44,,,Timber,,2.0,True,short (<20m),wide (>1.5m),,
data/citywide/images/337/88179/18882__MI_20210826_143432.jpg,False,88179,337,Boardwalk < 1.2m High,,18882,MI_20210826_143432.jpg,,,,,,,25.0,,,,,,True,medium (20-100m),,,
data/citywide/images/337/88175/18892__MI_20210826_130714.jpg,False,88175,337,Boardwalk < 1.2m High,fair,18892,MI_20210826_130714.jpg,,,,,,,6.401,,,,,,True,short (<20m),,,
data/citywide/images/337/88273/19201__AST_IM_20210829_091153.jpeg,False,88273,337,Boardwalk < 1.2m High,8aEUR(TM) long footbridge. 2 broken 4x4 stringers. 2 aEUR~ wide 2x6 decking. All treated wood.  | Could replace with rocks for steps.,19201,AST_IM_20210829_091153.jpeg,,,Timber,,No,No railings,2.44,,,Timber,,2.0,True,short (<20m),wide (>1.5m),,
data/citywide/images/337/88662/21276__MI_20210904_120903.jpg,False,88662,337,Boardwalk < 1.2m High,,21276,MI_20210904_120903.jpg,,,,,,,7.0,,,,,,True,short (<20m),,,
data/citywide/images/337/88663/21278__MI_20210904_121425.jpg,False,88663,337,Boardwalk < 1.2m High,,21278,MI_20210904_121425.jpg,,,,,,,5.0,,,,,,True,short (<20m),,,
data/citywide/images/337/88664/21271__MI_20210904_121203.jpg,False,88664,337,Boardwalk < 1.2m High,,21271,MI_20210904_121203.jpg,,,,,,,19.0,,,,,,True,short (<20m),,,
data/citywide/images/337/88665/21275__MI_20210904_121044.jpg,False,88665,337,Boardwalk < 1.2m High,,21275,MI_20210904_121044.jpg,,,,,,,7.0,,,,,,True,short (<20m),,,
data/citywide/images/337/88667/21273__MI_20210904_121353.jpg,False,88667,337,Boardwalk < 1.2m High,,21273,MI_20210904_121353.jpg,,,,,,,30.0,,,,,,True,medium (20-100m),,,
data/citywide/images/337/88666/21272__MI_20210904_120833.jpg,False,88666,337,Boardwalk < 1.2m High,,21272,MI_20210904_120833.jpg,,,,,,,15.0,,,,,,True,short (<20m),,,
data/citywide/images/337/89446/22161__AST_IM_20210918_122548.jpeg,True,89446,337,Boardwalk < 1.2m High,Good shape. 1-16 ft 6x6 stringer needs replacing.,22161,AST_IM_20210918_122548.jpeg,Timber,Beam,Timber,,No,No railings,5.2,,,Timber,,1.15,True,short (<20m),standard (0.9-1.5m),,
data/citywide/images/337/89446/22163__AST_IM_20210918_122605.jpeg,True,89446,337,Boardwalk < 1.2m High,Good shape. 1-16 ft 6x6 stringer needs replacing.,22163,AST_IM_20210918_122605.jpeg,Timber,Beam,Timber,,No,No railings,5.2,,,Timber,,1.15,True,short (<20m),standard (0.9-1.5m),,
data/citywide/images/337/89577/22579__AST_IM_20210919_110007.jpeg,True,89577,337,Boardwalk < 1.2m High,Good shape,22579,AST_IM_20210919_110007.jpeg,Timber,Beam,Timber,,No,No railings,4.6,,,Timber,,1.15,True,short (<20m),standard (0.9-1.5m),,
data/citywide/images/337/89579/22588__AST_IM_20210919_103726.jpeg,True,89579,337,Boardwalk < 1.2m High,Good shape needs handrail,22588,AST_IM_20210919_103726.jpeg,Timber,Beam,Timber,,No,No railings,3.4,,,Timber,,1.15,True,short (<20m),standard (0.9-1.5m),,
data/citywide/images/337/89582/22587__AST_IM_20210919_103923.jpeg,True,89582,337,Boardwalk < 1.2m High,Good shape needs handrail,22587,AST_IM_20210919_103923.jpeg,Timber,Beam,Timber,,No,No railings,5.8,,,Timber,,1.15,True,short (<20m),standard (0.9-1.5m),,
data/citywide/images/337/89588/22569__AST_IM_20210919_110858.jpeg,True,89588,337,Boardwalk < 1.2m High,Good shape,22569,AST_IM_20210919_110858.jpeg,Timber,Beam,Timber,,No,No railings,2.9,,,Timber,,1.15,True,short (<20m),standard (0.9-1.5m),,
data/citywide/images/337/89591/22578__AST_IM_20210919_110352.jpeg,True,89591,337,Boardwalk < 1.2m High,Good shape,22578,AST_IM_20210919_110352.jpeg,Timber,Beam,Timber,,No,No railings,2.6,,,Timber,,1.15,True,short (<20m),standard (0.9-1.5m),,
data/citywide/images/337/89593/22573__AST_IM_20210919_110758.jpeg,True,89593,337,Boardwalk < 1.2m High,Good shape,22573,AST_IM_20210919_110758.jpeg,Timber,Beam,Timber,,No,No railings,2.7,,,Timber,,1.15,True,short (<20m),standard (0.9-1.5m),,
data/citywide/images/337/89595/22568__AST_IM_20210919_110945.jpeg,True,89595,337,Boardwalk < 1.2m High,Good shape,22568,AST_IM_20210919_110945.jpeg,Timber,Beam,Timber,,No,No railings,2.9,,,Timber,,2.9,True,short (<20m),wide (>1.5m),,
data/citywide/images/337/89600/22565__AST_IM_20210919_111400.jpeg,True,89600,337,Boardwalk < 1.2m High,Good shape,22565,AST_IM_20210919_111400.jpeg,Timber,Beam,Timber,,No,No railings,2.6,,,Timber,,1.15,True,short (<20m),standard (0.9-1.5m),,
data/citywide/images/337/89601/22576__AST_IM_20210919_110058.jpeg,True,89601,337,Boardwalk < 1.2m High,Good shape,22576,AST_IM_20210919_110058.jpeg,Timber,Beam,Timber,,No,No railings,2.5,,,Timber,,1.15,True,short (<20m),standard (0.9-1.5m),,
data/citywide/images/337/89705/22865__IMG_0661.JPG,True,89705,337,Boardwalk < 1.2m High,Boardwalk,22865,IMG_0661.JPG,,,Timber,,No,No railings,2.5,,,Timber,,1.0,True,short (<20m),standard (0.9-1.5m),,
data/citywide/images/337/89705/76045__s1bridge1.jpg,True,89705,337,Boardwalk < 1.2m High,Boardwalk,76045,s1bridge1.jpg,,,Timber,,No,No railings,2.5,,,Timber,,1.0,True,short (<20m),standard (0.9-1.5m),,
data/citywide/images/337/89710/22874__IMG_0669.JPG,True,89710,337,Boardwalk < 1.2m High,Boardwalk,22874,IMG_0669.JPG,,,Timber,,No,No railings,25.0,,,Timber,,1.0,True,medium (20-100m),standard (0.9-1.5m),,
data/citywide/images/337/89710/76052__s6bridge7.jpg,True,89710,337,Boardwalk < 1.2m High,Boardwalk,76052,s6bridge7.jpg,,,Timber,,No,No railings,25.0,,,Timber,,1.0,True,medium (20-100m),standard (0.9-1.5m),,
data/citywide/images/337/89712/22875__IMG_0670.JPG,True,89712,337,Boardwalk < 1.2m High,Boardwalk,22875,IMG_0670.JPG,,,Timber,,No,No railings,20.0,,,Timber,,1.0,True,medium (20-100m),standard (0.9-1.5m),,
data/citywide/images/337/89712/76053__s8bridge8.jpg,True,89712,337,Boardwalk < 1.2m High,Boardwalk,76053,s8bridge8.jpg,,,Timber,,No,No railings,20.0,,,Timber,,1.0,True,medium (20-100m),standard (0.9-1.5m),,
data/citywide/images/337/89713/22888__IMG_0672.JPG,True,89713,337,Boardwalk < 1.2m High,Boardwalk,22888,IMG_0672.JPG,,,Timber,,No,No railings,15.0,,,Timber,,1.0,True,short (<20m),standard (0.9-1.5m),,
data/citywide/images/337/89713/76054__s10bridge9.jpg,True,89713,337,Boardwalk < 1.2m High,Boardwalk,76054,s10bridge9.jpg,,,Timber,,No,No railings,15.0,,,Timber,,1.0,True,short (<20m),standard (0.9-1.5m),,
data/citywide/images/337/89715/22901__IMG_0679.JPG,True,89715,337,Boardwalk < 1.2m High,Boardwalk,22901,IMG_0679.JPG,,,Timber,,No,No railings,7.0,,,Timber,,1.0,True,short (<20m),standard (0.9-1.5m),,
data/citywide/images/337/89715/76063__s18bridge14.jpg,True,89715,337,Boardwalk < 1.2m High,Boardwalk,76063,s18bridge14.jpg,,,Timber,,No,No railings,7.0,,,Timber,,1.0,True,short (<20m),standard (0.9-1.5m),,
data/citywide/images/337/90319/23785__AST_IM_20210922_122443.jpeg,True,90319,337,Boardwalk < 1.2m High,42 w 30 l,23785,AST_IM_20210922_122443.jpeg,,,Timber,,No,No railings,30.0,,,Timber,,1.0,True,medium (20-100m),standard (0.9-1.5m),,
data/citywide/images/337/90328/23792__AST_IM_20210922_121747.jpeg,True,90328,337,Boardwalk < 1.2m High,42 boardwalk,23792,AST_IM_20210922_121747.jpeg,,,Timber,,No,No railings,10.0,,,Timber,,1.0,True,short (<20m),standard (0.9-1.5m),,
data/citywide/images/337/90330/23767__AST_IM_20210922_130649.jpeg,True,90330,337,Boardwalk < 1.2m High,42 w  18 l | F,23767,AST_IM_20210922_130649.jpeg,,,Timber,,No,No railings,30.0,,,Timber,,1.0,True,medium (20-100m),standard (0.9-1.5m),,
data/citywide/images/337/90333/23776__AST_IM_20210922_124910.jpeg,True,90333,337,Boardwalk < 1.2m High,42 w 5 l | G,23776,AST_IM_20210922_124910.jpeg,,,Timber,,No,No railings,12.0,,,Timber,,1.0,True,short (<20m),standard (0.9-1.5m),,
data/citywide/images/337/90337/23778__AST_IM_20210922_123407.jpeg,True,90337,337,Boardwalk < 1.2m High,42 w 50 l,23778,AST_IM_20210922_123407.jpeg,,,Timber,,No,No railings,50.0,,,Timber,,1.0,True,medium (20-100m),standard (0.9-1.5m),,
data/citywide/images/337/90338/23784__AST_IM_20210922_124137.jpeg,True,90338,337,Boardwalk < 1.2m High,42 w 12 l good,23784,AST_IM_20210922_124137.jpeg,,,Timber,,No,No railings,12.0,,,Timber,,1.0,True,short (<20m),standard (0.9-1.5m),,
data/citywide/images/337/90342/23766__AST_IM_20210922_131016.jpeg,True,90342,337,Boardwalk < 1.2m High,42 w 50 l | F p,23766,AST_IM_20210922_131016.jpeg,,,Timber,,No,No railings,50.0,,,Timber,,1.0,True,medium (20-100m),standard (0.9-1.5m),,
data/citywide/images/337/90344/23741__AST_IM_20210922_135421.jpeg,True,90344,337,Boardwalk < 1.2m High,42 w 12 l | G,23741,AST_IM_20210922_135421.jpeg,,,Timber,,No,No railings,25.0,,,Timber,,1.0,True,medium (20-100m),standard (0.9-1.5m),,
data/citywide/images/337/90349/23724__AST_IM_20210922_142439.jpeg,True,90349,337,Boardwalk < 1.2m High,42 w 8 l | G,23724,AST_IM_20210922_142439.jpeg,,,Timber,,No,No railings,42.0,,,Timber,,1.0,True,medium (20-100m),standard (0.9-1.5m),,
data/citywide/images/337/90351/23750__AST_IM_20210922_142039.jpeg,True,90351,337,Boardwalk < 1.2m High,42 w 35 l | G,23750,AST_IM_20210922_142039.jpeg,,,Timber,,No,No railings,35.0,,,Timber,,1.0,True,medium (20-100m),standard (0.9-1.5m),,
data/citywide/images/337/90353/23746__AST_IM_20210922_134422.jpeg,True,90353,337,Boardwalk < 1.2m High,42 w 30 l | Gf,23746,AST_IM_20210922_134422.jpeg,,,Timber,,No,No railings,35.0,,,Timber,,1.0,True,medium (20-100m),standard (0.9-1.5m),,
data/citywide/images/337/90355/23758__AST_IM_20210922_141927.jpeg,True,90355,337,Boardwalk < 1.2m High,42 w 5 l  | G,23758,AST_IM_20210922_141927.jpeg,,,Timber,,No,No railings,12.0,,,Timber,,1.0,True,short (<20m),standard (0.9-1.5m),,
data/citywide/images/337/90356/23749__AST_IM_20210922_135656.jpeg,True,90356,337,Boardwalk < 1.2m High,42 w 5 l | Fp,23749,AST_IM_20210922_135656.jpeg,,,Timber,,No,No railings,17.0,,,Timber,,1.0,True,short (<20m),standard (0.9-1.5m),,
data/citywide/images/337/90359/23739__AST_IM_20210922_150503.jpeg,True,90359,337,Boardwalk < 1.2m High,42 w 12 l | Pf,23739,AST_IM_20210922_150503.jpeg,,,Timber,,No,No railings,30.0,,,Timber,,1.0,True,medium (20-100m),standard (0.9-1.5m),,
data/citywide/images/337/90366/23773__AST_IM_20210922_125125.jpeg,True,90366,337,Boardwalk < 1.2m High,40 w 80 l | F | Some new some old,23773,AST_IM_20210922_125125.jpeg,,,Timber,,No,No railings,80.0,,,Timber,,1.0,True,medium (20-100m),standard (0.9-1.5m),,
data/citywide/images/337/90367/23771__AST_IM_20210922_130114.jpeg,True,90367,337,Boardwalk < 1.2m High,42 w 5 l | P,23771,AST_IM_20210922_130114.jpeg,,,Timber,,No,No railings,15.0,,,Timber,,1.0,True,short (<20m),standard (0.9-1.5m),,
data/citywide/images/337/90368/23713__AST_IM_20210922_151654.jpeg,True,90368,337,Boardwalk < 1.2m High,42 15 l | Fp,23713,AST_IM_20210922_151654.jpeg,,,Timber,,No,No railings,15.0,,,Timber,,1.0,True,short (<20m),standard (0.9-1.5m),,
data/citywide/images/337/90370/23729__AST_IM_20210922_140521.jpeg,True,90370,337,Boardwalk < 1.2m High,42 w 34 l | G,23729,AST_IM_20210922_140521.jpeg,,,Timber,,No,No railings,34.0,,,Timber,,1.0,True,medium (20-100m),standard (0.9-1.5m),,
data/citywide/images/337/90371/23718__AST_IM_20210922_145640.jpeg,True,90371,337,Boardwalk < 1.2m High,42 w 5 l | F,23718,AST_IM_20210922_145640.jpeg,,,Timber,,No,No railings,40.0,,,Timber,,1.0,True,medium (20-100m),standard (0.9-1.5m),,
data/citywide/images/337/90375/23664__AST_IM_20210922_172709.jpeg,True,90375,337,Boardwalk < 1.2m High,42 w 35 | Gf,23664,AST_IM_20210922_172709.jpeg,,,Timber,,No,No railings,35.0,,,Timber,,1.0,True,medium (20-100m),standard (0.9-1.5m),,
data/citywide/images/337/90377/23660__AST_IM_20210923_094647.jpeg,True,90377,337,Boardwalk < 1.2m High,49 w 2.5 | G,23660,AST_IM_20210923_094647.jpeg,,,,,No,No railings,8.0,,,Timber,,1.0,True,short (<20m),standard (0.9-1.5m),,
data/citywide/images/337/90380/23679__AST_IM_20210922_144659.jpeg,True,90380,337,Boardwalk < 1.2m High,42 w 5 l | G,23679,AST_IM_20210922_144659.jpeg,,,Timber,,No,No railings,10.0,,,Timber,,1.0,True,short (<20m),standard (0.9-1.5m),,
data/citywide/images/337/90386/23751__AST_IM_20210922_135810.jpeg,True,90386,337,Boardwalk < 1.2m High,42 w 30l | Pf,23751,AST_IM_20210922_135810.jpeg,,,Timber,,No,No railings,30.0,,,Timber,,1.0,True,medium (20-100m),standard (0.9-1.5m),,
data/citywide/images/337/90388/23730__AST_IM_20210922_153720.jpeg,True,90388,337,Boardwalk < 1.2m High,42 w 4 l | P,23730,AST_IM_20210922_153720.jpeg,,,,,No,No railings,25.0,,,Timber,,1.0,True,medium (20-100m),standard (0.9-1.5m),,
data/citywide/images/337/90392/23669__AST_IM_20210922_160448.jpeg,True,90392,337,Boardwalk < 1.2m High,42 w 35 l | Vg,23669,AST_IM_20210922_160448.jpeg,,,Timber,,No,No railings,40.0,,,Timber,,1.0,True,medium (20-100m),standard (0.9-1.5m),,
data/citywide/images/337/90393/23667__AST_IM_20210923_133715.jpeg,True,90393,337,Boardwalk < 1.2m High,2 x 10 boardwalk,23667,AST_IM_20210923_133715.jpeg,,,Timber,,No,No railings,30.0,,,Timber,,0.5,True,medium (20-100m),narrow (<0.9m),,
data/citywide/images/337/90394/23703__AST_IM_20210922_160601.jpeg,True,90394,337,Boardwalk < 1.2m High,42 w 12 l | G,23703,AST_IM_20210922_160601.jpeg,,,Timber,,No,No railings,20.0,,,Timber,,1.0,True,medium (20-100m),standard (0.9-1.5m),,
data/citywide/images/337/90395/23672__AST_IM_20210922_150225.jpeg,True,90395,337,Boardwalk < 1.2m High,42 w 25 l | Fp |,23672,AST_IM_20210922_150225.jpeg,,,Timber,,No,No railings,25.0,,,Timber,,1.0,True,medium (20-100m),standard (0.9-1.5m),,
data/citywide/images/337/90398/23640__AST_IM_20210922_170308.jpeg,True,90398,337,Boardwalk < 1.2m High,42 w 15 l | Gf,23640,AST_IM_20210922_170308.jpeg,,,Timber,,No,No railings,15.0,,,Timber,,1.0,True,short (<20m),standard (0.9-1.5m),,
data/citywide/images/337/90400/23748__AST_IM_20210922_152338.jpeg,True,90400,337,Boardwalk < 1.2m High,42 w 20 l | F,23748,AST_IM_20210922_152338.jpeg,,,Timber,,No,No railings,20.0,,,Timber,,1.0,True,medium (20-100m),standard (0.9-1.5m),,
data/citywide/images/337/88668/21277__MI_20210904_120740.jpg,False,88668,337,Boardwalk < 1.2m High,,21277,MI_20210904_120740.jpg,,,,,,,20.0,,,,,,True,medium (20-100m),,,
data/citywide/images/337/90402/23762__AST_IM_20210922_132247.jpeg,False,90402,337,Boardwalk < 1.2m High,"2"" Rough cut cedar decking on 4x6 stringers | 42 w 175 l | G",23762,AST_IM_20210922_132247.jpeg,,,Timber,,No,No railings,175.0,,,Timber,,1.0,True,long (>100m),standard (0.9-1.5m),,
data/citywide/images/337/88670/21270__MI_20210904_121502.jpg,False,88670,337,Boardwalk < 1.2m High,,21270,MI_20210904_121502.jpg,,,,,,,30.0,,,,,,True,medium (20-100m),,,
data/citywide/images/337/88669/21274__MI_20210904_121306.jpg,False,88669,337,Boardwalk < 1.2m High,,21274,MI_20210904_121306.jpg,,,,,,,25.0,,,,,,True,medium (20-100m),,,
data/citywide/images/337/90401/23757__AST_IM_20210922_141732.jpeg,False,90401,337,Boardwalk < 1.2m High,"2"" Rough cut cedar decking on 4x6 stringers | 42 w 5 l | G",23757,AST_IM_20210922_141732.jpeg,,,Timber,,No,No railings,20.0,,,Timber,,1.0,True,medium (20-100m),standard (0.9-1.5m),,
data/citywide/images/337/90409/23642__AST_IM_20210922_164812.jpeg,False,90409,337,Boardwalk < 1.2m High,"2"" Rough cut cedar decking on cedar stringers | 42 w 12 l | F",23642,AST_IM_20210922_164812.jpeg,,,Timber,,No,No railings,20.0,,,Timber,,1.0,True,medium (20-100m),standard (0.9-1.5m),,
data/citywide/images/337/90415/23743__AST_IM_20210922_140641.jpeg,False,90415,337,Boardwalk < 1.2m High,"2"" Rough cut cedar decking on cedar stringers | 42 w 40 l | Gf | Front hit by tree",23743,AST_IM_20210922_140641.jpeg,,,Timber,,No,No railings,40.0,,,Timber,,1.0,True,medium (20-100m),standard (0.9-1.5m),,
data/citywide/images/337/90419/23675__AST_IM_20210922_172026.jpeg,False,90419,337,Boardwalk < 1.2m High,"2"" Rough cut cedar decking on cedar stringers | 42 W  | 7 L | F",23675,AST_IM_20210922_172026.jpeg,,,Timber,,No,No railings,7.0,,,Timber,,1.0,True,short (<20m),standard (0.9-1.5m),,
data/citywide/images/337/90421/23721__AST_IM_20210922_144518.jpeg,False,90421,337,Boardwalk < 1.2m High,42 w 3 l | G,23721,AST_IM_20210922_144518.jpeg,,,Timber,,No,No railings,7.0,,,Timber,,1.0,True,short (<20m),standard (0.9-1.5m),,
data/citywide/images/337/90422/23734__AST_IM_20210922_150058.jpeg,False,90422,337,Boardwalk < 1.2m High,"2"" Rough cut cedar decking on cedar stringers | 42 w 7  | P | Rotten",23734,AST_IM_20210922_150058.jpeg,,,Timber,,No,No railings,10.0,,,Timber,,1.0,True,short (<20m),standard (0.9-1.5m),,
data/citywide/images/337/90423/23717__AST_IM_20210922_150917.jpeg,False,90423,337,Boardwalk < 1.2m High,"2"" Rough cut cedar decking on cedar stringers | 42 w 15 l | F",23717,AST_IM_20210922_150917.jpeg,,,Timber,,No,No railings,26.0,,,Timber,,1.0,True,medium (20-100m),standard (0.9-1.5m),,
data/citywide/images/337/90426/23637__AST_IM_20210922_172453.jpeg,False,90426,337,Boardwalk < 1.2m High,"2"" Rough cut cedar decking on cedar stringers | 42 w 20 | Gf",23637,AST_IM_20210922_172453.jpeg,,,Timber,,No,No railings,20.0,,,Timber,,1.0,True,medium (20-100m),standard (0.9-1.5m),,
data/citywide/images/337/90428/23710__AST_IM_20210922_152612.jpeg,False,90428,337,Boardwalk < 1.2m High,"2"" Rough cut cedar decking on cedar stringers | 42 w 30 l",23710,AST_IM_20210922_152612.jpeg,,,Timber,,No,No railings,30.0,,,Timber,,1.0,True,medium (20-100m),standard (0.9-1.5m),,
data/citywide/images/337/90427/23712__AST_IM_20210922_151731.jpeg,False,90427,337,Boardwalk < 1.2m High,"2"" Rough cut cedar decking on cedar stringers | 42 w 25  | F",23712,AST_IM_20210922_151731.jpeg,,,Timber,,No,No railings,30.0,,,Timber,,1.0,True,medium (20-100m),standard (0.9-1.5m),,
data/citywide/images/337/90429/23632__AST_IM_20210922_171755.jpeg,False,90429,337,Boardwalk < 1.2m High,"2"" Rough cut cedar decking on cedar stringers | 42 w 17 | G",23632,AST_IM_20210922_171755.jpeg,,,Timber,,No,No railings,17.0,,,Timber,,1.0,True,short (<20m),standard (0.9-1.5m),,
data/citywide/images/337/90430/23765__AST_IM_20210922_131342.jpeg,False,90430,337,Boardwalk < 1.2m High,"2"" Rough cut cedar decking on cedar stringers | 42 w 20 l  | G",23765,AST_IM_20210922_131342.jpeg,,,Timber,,No,No railings,125.0,,,Timber,,1.0,True,long (>100m),standard (0.9-1.5m),,
data/citywide/images/337/90436/23735__AST_IM_20210922_152524.jpeg,False,90436,337,Boardwalk < 1.2m High,"2"" Rough cut cedar decking on cedar stringers | 42 w 15 l | Gf",23735,AST_IM_20210922_152524.jpeg,,,Timber,,No,No railings,15.0,,,Timber,,1.0,True,short (<20m),standard (0.9-1.5m),,
data/citywide/images/337/90438/23719__AST_IM_20210922_145847.jpeg,False,90438,337,Boardwalk < 1.2m High,"2"" Rough cut cedar decking on cedar stringers | 42 w 7 l | G",23719,AST_IM_20210922_145847.jpeg,,,Timber,,No,No railings,15.0,,,Timber,,1.0,True,short (<20m),standard (0.9-1.5m),,
data/citywide/images/337/90440/23737__AST_IM_20210922_154422.jpeg,False,90440,337,Boardwalk < 1.2m High,Old boardwalk | Poor,23737,AST_IM_20210922_154422.jpeg,,,Timber,,No,No railings,15.0,,,Timber,,1.0,True,short (<20m),standard (0.9-1.5m),,
data/citywide/images/337/90449/23682__AST_IM_20210924_090534.jpeg,False,90449,337,Boardwalk < 1.2m High,"2"" Rough cut cedar decking on cedar stringers | 42 w 2.5 | Fp",23682,AST_IM_20210924_090534.jpeg,,,Timber,,No,No railings,7.0,,,Timber,,1.0,True,short (<20m),standard (0.9-1.5m),,
data/citywide/images/337/90450/23663__AST_IM_20210924_091547.jpeg,False,90450,337,Boardwalk < 1.2m High,"2"" Rough cut cedar decking on cedar stringers | 42 w 4 | Fp",23663,AST_IM_20210924_091547.jpeg,,,Timber,,No,No railings,25.0,,,Timber,,1.0,True,medium (20-100m),standard (0.9-1.5m),,
data/citywide/images/337/90453/23657__AST_IM_20210924_090656.jpeg,False,90453,337,Boardwalk < 1.2m High,"2"" Rough cut cedar decking on cedar stringers | 42 w 3.5 | Fp",23657,AST_IM_20210924_090656.jpeg,,,Timber,,No,No railings,17.0,,,Timber,,1.0,True,short (<20m),standard (0.9-1.5m),,
data/citywide/images/337/90455/23655__AST_IM_20210924_091037.jpeg,False,90455,337,Boardwalk < 1.2m High,"2"" Rough cut cedar decking on cedar stringers | 42 w 5 | F",23655,AST_IM_20210924_091037.jpeg,,,Timber,,No,No railings,100.0,,,Timber,,1.0,True,long (>100m),standard (0.9-1.5m),,
data/citywide/images/337/90458/23651__AST_IM_20210924_093616.jpeg,False,90458,337,Boardwalk < 1.2m High,"2"" Rough cut cedar decking on cedar stringers | 42 w 4 | Gf",23651,AST_IM_20210924_093616.jpeg,,,Timber,,No,No railings,9.0,,,Timber,,1.0,True,short (<20m),standard (0.9-1.5m),,
data/citywide/images/337/90464/23650__AST_IM_20210924_093421.jpeg,False,90464,337,Boardwalk < 1.2m High,"2"" Rough cut cedar decking on cedar stringers | 40 w 4 | Gf",23650,AST_IM_20210924_093421.jpeg,,,Timber,,No,No railings,50.0,,,Timber,,1.0,True,medium (20-100m),standard (0.9-1.5m),,
data/citywide/images/337/90469/23683__AST_IM_20210924_095109.jpeg,False,90469,337,Boardwalk < 1.2m High,"2"" Rough cut cedar decking on cedar stringers | 42 w 6 | Gf",23683,AST_IM_20210924_095109.jpeg,,,Timber,,No,No railings,20.0,,,Timber,,1.0,True,medium (20-100m),standard (0.9-1.5m),,
data/citywide/images/337/90471/23656__AST_IM_20210924_095606.jpeg,False,90471,337,Boardwalk < 1.2m High,"2"" Rough cut cedar decking on cedar stringers | 42 w 4 | Fp",23656,AST_IM_20210924_095606.jpeg,,,Timber,,No,No railings,20.0,,,Timber,,1.0,True,medium (20-100m),standard (0.9-1.5m),,
data/citywide/images/337/90477/23704__AST_IM_20210924_100739.jpeg,False,90477,337,Boardwalk < 1.2m High,"2"" Rough cut cedar decking on cedar stringers | 42 w 4  | F",23704,AST_IM_20210924_100739.jpeg,,,Timber,,No,No railings,7.0,,,Timber,,1.0,True,short (<20m),standard (0.9-1.5m),,
data/citywide/images/337/90475/23653__AST_IM_20210924_100419.jpeg,False,90475,337,Boardwalk < 1.2m High,"2"" Rough cut cedar decking on cedar stringers | 42 w 28 | G",23653,AST_IM_20210924_100419.jpeg,,,,,No,No railings,40.0,,,Timber,,1.0,True,medium (20-100m),standard (0.9-1.5m),,
data/citywide/images/337/90480/23652__AST_IM_20210924_100609.jpeg,False,90480,337,Boardwalk < 1.2m High,"2"" Rough cut cedar decking on cedar stringers | 42 w 17 | Gf",23652,AST_IM_20210924_100609.jpeg,,,Timber,,No,No railings,150.0,,,Timber,,1.0,True,long (>100m),standard (0.9-1.5m),,
data/citywide/images/337/90488/23938__AST_IM_20210922_124906.jpeg,True,90488,337,Boardwalk < 1.2m High,42W x 40L  | Fair,23938,AST_IM_20210922_124906.jpeg,,,,,No,No railings,40.0,,,,,1.0,True,medium (20-100m),standard (0.9-1.5m),,
data/citywide/images/337/90493/23935__AST_IM_20210922_130741.jpeg,True,90493,337,Boardwalk < 1.2m High,42 w x 25m,23935,AST_IM_20210922_130741.jpeg,,,,,No,No railings,25.0,,,,,1.0,True,medium (20-100m),standard (0.9-1.5m),,
data/citywide/images/337/90494/23930__AST_IM_20210922_130331.jpeg,True,90494,337,Boardwalk < 1.2m High,42w x 30L  | Good,23930,AST_IM_20210922_130331.jpeg,,,,,No,No railings,30.0,,,,,1.0,True,medium (20-100m),standard (0.9-1.5m),,
data/citywide/images/337/90496/23939__AST_IM_20210922_130909.jpeg,True,90496,337,Boardwalk < 1.2m High,42w x 15L,23939,AST_IM_20210922_130909.jpeg,,,,,No,No railings,15.0,,,,,1.0,True,short (<20m),standard (0.9-1.5m),,
data/citywide/images/337/90498/23915__AST_IM_20210922_134841.jpeg,True,90498,337,Boardwalk < 1.2m High,42 x 35L.,23915,AST_IM_20210922_134841.jpeg,,,,,No,No railings,35.0,,,,,1.0,True,medium (20-100m),standard (0.9-1.5m),,
data/citywide/images/337/90500/23887__AST_IM_20210922_150604.jpeg,True,90500,337,Boardwalk < 1.2m High,42 x 5m  | Good.,23887,AST_IM_20210922_150604.jpeg,,,,,No,No railings,30.0,,,,,1.0,True,medium (20-100m),standard (0.9-1.5m),,
data/citywide/images/337/90501/23867__AST_IM_20210922_135559.jpeg,True,90501,337,Boardwalk < 1.2m High,42 x 40m.,23867,AST_IM_20210922_135559.jpeg,,,,,No,No railings,40.0,,,,,1.0,True,medium (20-100m),standard (0.9-1.5m),,
data/citywide/images/337/90502/23925__AST_IM_20210922_142121.jpeg,True,90502,337,Boardwalk < 1.2m High,42 x 50m,23925,AST_IM_20210922_142121.jpeg,,,,,No,No railings,50.0,,,,,1.0,True,medium (20-100m),standard (0.9-1.5m),,
data/citywide/images/337/90504/23900__AST_IM_20210922_141020.jpeg,True,90504,337,Boardwalk < 1.2m High,42x7mL  | Good,23900,AST_IM_20210922_141020.jpeg,,,,,No,No railings,20.0,,,,,1.0,True,medium (20-100m),standard (0.9-1.5m),,
data/citywide/images/337/90510/23888__AST_IM_20210922_142457.jpeg,True,90510,337,Boardwalk < 1.2m High,42 x 20m.,23888,AST_IM_20210922_142457.jpeg,,,,,No,No railings,28.0,,,,,1.0,True,medium (20-100m),standard (0.9-1.5m),,
data/citywide/images/337/90510/23891__AST_IM_20210922_142635.jpeg,True,90510,337,Boardwalk < 1.2m High,42 x 20m.,23891,AST_IM_20210922_142635.jpeg,,,,,No,No railings,28.0,,,,,1.0,True,medium (20-100m),standard (0.9-1.5m),,
data/citywide/images/337/90484/23706__AST_IM_20210924_101204.jpeg,False,90484,337,Boardwalk < 1.2m High,"2"" Rough cut cedar decking on cedar stringers | 42 w 8 | G",23706,AST_IM_20210924_101204.jpeg,,,Timber,,No,No railings,15.0,,,Timber,,1.0,True,short (<20m),standard (0.9-1.5m),,
data/citywide/images/337/90513/23889__AST_IM_20210922_150152.jpeg,False,90513,337,Boardwalk < 1.2m High,Good,23889,AST_IM_20210922_150152.jpeg,,,,,No,No railings,30.0,,,,,1.0,True,medium (20-100m),standard (0.9-1.5m),,
data/citywide/images/337/90517/23906__AST_IM_20210922_153838.jpeg,False,90517,337,Boardwalk < 1.2m High,Poor,23906,AST_IM_20210922_153838.jpeg,,,,,No,No railings,40.0,,,,,1.0,True,medium (20-100m),standard (0.9-1.5m),,
data/citywide/images/337/90515/23909__AST_IM_20210922_135947.jpeg,False,90515,337,Boardwalk < 1.2m High,,23909,AST_IM_20210922_135947.jpeg,,,,,,,15.0,,,,,,True,short (<20m),,,
data/citywide/images/337/90518/23839__AST_IM_20210922_143231.jpeg,False,90518,337,Boardwalk < 1.2m High,,23839,AST_IM_20210922_143231.jpeg,,,,,No,No railings,15.0,,,,,1.0,True,short (<20m),standard (0.9-1.5m),,
data/citywide/images/337/90522/23835__AST_IM_20210922_172240.jpeg,False,90522,337,Boardwalk < 1.2m High,,23835,AST_IM_20210922_172240.jpeg,,,,,No,No railings,40.0,,,,,1.0,True,medium (20-100m),standard (0.9-1.5m),,
data/citywide/images/337/90527/23884__AST_IM_20210922_151824.jpeg,False,90527,337,Boardwalk < 1.2m High,,23884,AST_IM_20210922_151824.jpeg,,,,,No,No railings,15.0,,,,,1.0,True,short (<20m),standard (0.9-1.5m),,
data/citywide/images/337/90529/23882__AST_IM_20210922_153730.jpeg,False,90529,337,Boardwalk < 1.2m High,,23882,AST_IM_20210922_153730.jpeg,,,,,No,No railings,7.0,,,,,1.0,True,short (<20m),standard (0.9-1.5m),,
data/citywide/images/337/90530/23872__AST_IM_20210924_094847.jpeg,False,90530,337,Boardwalk < 1.2m High,42x 8m.,23872,AST_IM_20210924_094847.jpeg,,,,,No,No railings,12.0,,,,,1.0,True,short (<20m),standard (0.9-1.5m),,
data/citywide/images/337/90530/23844__AST_IM_20210924_094926.jpeg,False,90530,337,Boardwalk < 1.2m High,42x 8m.,23844,AST_IM_20210924_094926.jpeg,,,,,No,No railings,12.0,,,,,1.0,True,short (<20m),standard (0.9-1.5m),,
data/citywide/images/337/90530/23870__AST_IM_20210924_094937.jpeg,False,90530,337,Boardwalk < 1.2m High,42x 8m.,23870,AST_IM_20210924_094937.jpeg,,,,,No,No railings,12.0,,,,,1.0,True,short (<20m),standard (0.9-1.5m),,
data/citywide/images/337/90531/23890__AST_IM_20210922_161829.jpeg,False,90531,337,Boardwalk < 1.2m High,"42 x 30m long, on 4x4 stringers. - fair condition.",23890,AST_IM_20210922_161829.jpeg,,,,,No,No railings,30.0,,,,,1.0,True,medium (20-100m),standard (0.9-1.5m),,
data/citywide/images/337/90535/23905__AST_IM_20210922_164908.jpeg,False,90535,337,Boardwalk < 1.2m High,1.5m long - poor,23905,AST_IM_20210922_164908.jpeg,,,,,No,No railings,70.0,,,,,1.0,True,medium (20-100m),standard (0.9-1.5m),,
data/citywide/images/337/90532/23897__AST_IM_20210922_143541.jpeg,False,90532,337,Boardwalk < 1.2m High,42 x 3m long -  good,23897,AST_IM_20210922_143541.jpeg,,,,,No,No railings,15.0,,,,,1.0,True,short (<20m),standard (0.9-1.5m),,
data/citywide/images/337/90536/23875__AST_IM_20210922_165800.jpeg,False,90536,337,Boardwalk < 1.2m High,"42"" x 150m long - fair good",23875,AST_IM_20210922_165800.jpeg,,,Timber,,No,No railings,150.0,,,,,42.0,True,long (>100m),wide (>1.5m),,
data/citywide/images/337/90545/23811__AST_IM_20210924_095422.jpeg,False,90545,337,Boardwalk < 1.2m High,42 x 25m fair,23811,AST_IM_20210924_095422.jpeg,,,Timber,,No,No railings,30.0,,,,,42.0,True,medium (20-100m),wide (>1.5m),,
data/citywide/images/337/90555/23852__AST_IM_20210922_171838.jpeg,False,90555,337,Boardwalk < 1.2m High,,23852,AST_IM_20210922_171838.jpeg,,,,,No,No railings,17.0,,,,,1.0,True,short (<20m),standard (0.9-1.5m),,
data/citywide/images/337/90563/23807__AST_IM_20210924_100809.jpeg,False,90563,337,Boardwalk < 1.2m High,42x30m fair,23807,AST_IM_20210924_100809.jpeg,,,Timber,,No,No railings,30.0,,,Timber,,1.0,True,medium (20-100m),standard (0.9-1.5m),,
data/citywide/images/337/90565/23881__AST_IM_20210922_153516.jpeg,False,90565,337,Boardwalk < 1.2m High,42 x 20m fair,23881,AST_IM_20210922_153516.jpeg,,,Timber,,No,No railings,20.0,,,Timber,,42.0,True,medium (20-100m),wide (>1.5m),,
data/citywide/images/337/90566/23810__AST_IM_20210924_100658.jpeg,False,90566,337,Boardwalk < 1.2m High,42x 25m good,23810,AST_IM_20210924_100658.jpeg,,,Timber,,No,No railings,25.0,,,Timber,,1.0,True,medium (20-100m),standard (0.9-1.5m),,
data/citywide/images/337/90567/23860__AST_IM_20210922_162117.jpeg,False,90567,337,Boardwalk < 1.2m High,42x 2.5m,23860,AST_IM_20210922_162117.jpeg,,,Timber,,No,No railings,5.0,,,,,42.0,True,short (<20m),wide (>1.5m),,
data/citywide/images/337/90957/51032__AST_EX_20220628_171958.jpeg,True,90957,337,Boardwalk < 1.2m High,Length estimated - cedar boardwalk on Spruce Lake Trail,51032,AST_EX_20220628_171958.jpeg,,,,,,,40.0,,,,,,True,medium (20-100m),,,
data/citywide/images/337/90957/84373__AST_EX_20250705_152900.jpeg,True,90957,337,Boardwalk < 1.2m High,Length estimated - cedar boardwalk on Spruce Lake Trail,84373,AST_EX_20250705_152900.jpeg,,,,,,,40.0,,,,,,True,medium (20-100m),,,
data/citywide/images/337/91413/25757__AST_IM_20211005_124321.jpeg,False,91413,337,Boardwalk < 1.2m High,"Wood, eighty feet long",25757,AST_IM_20211005_124321.jpeg,,,Timber,,No,No railings,30.0,,,Timber,,1.0,True,medium (20-100m),standard (0.9-1.5m),,
data/citywide/images/337/91716/74901__AST_EX_20241004_124716.jpeg,True,91716,337,Boardwalk < 1.2m High,,74901,AST_EX_20241004_124716.jpeg,Timber,,Timber,,,No railings,6.1,,,,,1.15,True,short (<20m),standard (0.9-1.5m),,
data/citywide/images/337/91716/74902__AST_EX_20241004_124706.jpeg,True,91716,337,Boardwalk < 1.2m High,,74902,AST_EX_20241004_124706.jpeg,Timber,,Timber,,,No railings,6.1,,,,,1.15,True,short (<20m),standard (0.9-1.5m),,
data/citywide/images/337/91716/75277__AST_EX_20241016_130003.jpeg,True,91716,337,Boardwalk < 1.2m High,,75277,AST_EX_20241016_130003.jpeg,Timber,,Timber,,,No railings,6.1,,,,,1.15,True,short (<20m),standard (0.9-1.5m),,
data/citywide/images/337/91943/26925__AST_IM_20211014_130744.jpeg,True,91943,337,Boardwalk < 1.2m High,"7m wood boardwalk, good",26925,AST_IM_20211014_130744.jpeg,,,Timber,,No,No railings,30.0,,,Timber,,,True,medium (20-100m),,,
data/citywide/images/337/91946/26937__AST_IM_20211014_125223.jpeg,True,91946,337,Boardwalk < 1.2m High,"5m boardwalk, good",26937,AST_IM_20211014_125223.jpeg,,,Timber,,No,No railings,75.0,,,Timber,,,True,medium (20-100m),,,
data/citywide/images/337/92004/27340__AST_IM_20211013_101040.jpeg,True,92004,337,Boardwalk < 1.2m High,"2"" Rough cut cedar decking on cedar stringers | .75 w 5",27340,AST_IM_20211013_101040.jpeg,,,Timber,,No,No railings,100.0,,,Timber,,0.75,True,long (>100m),narrow (<0.9m),,
data/citywide/images/337/92006/27313__AST_IM_20211013_102444.jpeg,True,92006,337,Boardwalk < 1.2m High,6x6 | 6 | gf rot,27313,AST_IM_20211013_102444.jpeg,,,Timber,,No,No railings,6.0,,,Timber,,0.5,True,short (<20m),narrow (<0.9m),,
data/citywide/images/337/92018/27316__AST_IM_20211013_102018.jpeg,True,92018,337,Boardwalk < 1.2m High,"2"" rough cut cedar decking on cedar stringers. | .75 w 4 | G vg",27316,AST_IM_20211013_102018.jpeg,,,Timber,,No,No railings,20.0,,,Timber,,0.75,True,medium (20-100m),narrow (<0.9m),,
data/citywide/images/337/92021/27295__AST_IM_20211013_102626.jpeg,True,92021,337,Boardwalk < 1.2m High,6x6 | 2,27295,AST_IM_20211013_102626.jpeg,,,Timber,,No,No railings,5.0,,,Timber,,0.5,True,short (<20m),narrow (<0.9m),,
data/citywide/images/337/92023/27291__AST_IM_20211013_103857.jpeg,True,92023,337,Boardwalk < 1.2m High,"2"" rough cut cedar decking on cedar stringers. | .75W 25L",27291,AST_IM_20211013_103857.jpeg,,,Timber,,No,No railings,60.0,,,Timber,,0.75,True,medium (20-100m),narrow (<0.9m),,
data/citywide/images/337/92027/27308__AST_IM_20211013_103350.jpeg,True,92027,337,Boardwalk < 1.2m High,Boardwalk 6x6,27308,AST_IM_20211013_103350.jpeg,,,Timber,,No,No railings,25.0,,,Timber,,0.5,True,medium (20-100m),narrow (<0.9m),,
data/citywide/images/337/92028/27320__AST_IM_20211013_103812.jpeg,True,92028,337,Boardwalk < 1.2m High,6x6. 2L,27320,AST_IM_20211013_103812.jpeg,,,Timber,,No,No railings,25.0,,,Timber,,0.5,True,medium (20-100m),narrow (<0.9m),,
data/citywide/images/337/92035/27306__AST_IM_20211013_110425.jpeg,True,92035,337,Boardwalk < 1.2m High,"2"" rough cut cedar decking on cedar stringers. | .75W 3L",27306,AST_IM_20211013_110425.jpeg,,,Timber,,No,No railings,7.0,,,Timber,,0.75,True,short (<20m),narrow (<0.9m),,
data/citywide/images/337/92036/27315__AST_IM_20211013_114308.jpeg,True,92036,337,Boardwalk < 1.2m High,4x4 Boardwalk,27315,AST_IM_20211013_114308.jpeg,,,Timber,,No,No railings,10.0,,,Timber,,0.5,True,short (<20m),narrow (<0.9m),,
data/citywide/images/337/92044/27294__AST_IM_20211013_111504.jpeg,True,92044,337,Boardwalk < 1.2m High,"2"" rough cut cedar decking on cedar stringers. | .75W 12L | G",27294,AST_IM_20211013_111504.jpeg,,,Timber,,No,No railings,12.0,,,Timber,,0.75,True,short (<20m),narrow (<0.9m),,
data/citywide/images/337/92051/27332__AST_IM_20211013_100726.jpeg,True,92051,337,Boardwalk < 1.2m High,"2"" rough cut cedar decking on cedar stringers. | .75 w 10L",27332,AST_IM_20211013_100726.jpeg,,,Timber,,No,No railings,20.0,,,Timber,,0.75,True,medium (20-100m),narrow (<0.9m),,
data/citywide/images/337/92060/27317__AST_IM_20211013_114347.jpeg,True,92060,337,Boardwalk < 1.2m High,4x4 | 5L,27317,AST_IM_20211013_114347.jpeg,,,Timber,,No,No railings,12.0,,,Timber,,0.5,True,short (<20m),narrow (<0.9m),,
data/citywide/images/337/92071/27363__AST_IM_20211013_104936.jpeg,True,92071,337,Boardwalk < 1.2m High,Good - 25m,27363,AST_IM_20211013_104936.jpeg,,,,,No,No railings,25.0,,,,,1.0,True,medium (20-100m),standard (0.9-1.5m),,
data/citywide/images/337/92072/27374__AST_IM_20211013_105920.jpeg,True,92072,337,Boardwalk < 1.2m High,6m long.,27374,AST_IM_20211013_105920.jpeg,,,,,No,No railings,25.0,,,,,1.0,True,medium (20-100m),standard (0.9-1.5m),,
data/citywide/images/337/92079/27394__AST_IM_20211013_110459.jpeg,True,92079,337,Boardwalk < 1.2m High,3m in length.,27394,AST_IM_20211013_110459.jpeg,,,,,No,No railings,5.0,,,,,1.0,True,short (<20m),standard (0.9-1.5m),,
data/citywide/images/337/92080/27391__AST_IM_20211013_101032.jpeg,True,92080,337,Boardwalk < 1.2m High,"Boardwalk made of 3, 6x6's, a gap between and then another 6x6 boardwalk.",27391,AST_IM_20211013_101032.jpeg,,,,,,,6.0,,,,,,True,short (<20m),,,
data/citywide/images/337/92081/27361__AST_IM_20211013_105141.jpeg,True,92081,337,Boardwalk < 1.2m High,30m,27361,AST_IM_20211013_105141.jpeg,,,,,No,No railings,30.0,,,,,1.0,True,medium (20-100m),standard (0.9-1.5m),,
data/citywide/images/337/92082/27366__AST_IM_20211013_103921.jpeg,True,92082,337,Boardwalk < 1.2m High,3m,27366,AST_IM_20211013_103921.jpeg,,,,,No,No railings,15.0,,,,,1.0,True,short (<20m),standard (0.9-1.5m),,
data/citywide/images/337/92083/27376__AST_IM_20211013_111038.jpeg,True,92083,337,Boardwalk < 1.2m High,From Nissen to Laura Creek.,27376,AST_IM_20211013_111038.jpeg,,,,,No,No railings,12.0,,,,,1.0,True,short (<20m),standard (0.9-1.5m),,
data/citywide/images/337/92087/27348__AST_IM_20211013_114701.jpeg,True,92087,337,Boardwalk < 1.2m High,4x4's (x4) 10ft long.,27348,AST_IM_20211013_114701.jpeg,,,,,No,No railings,7.0,,,,,1.0,True,short (<20m),standard (0.9-1.5m),,
data/citywide/images/337/92091/27355__AST_IM_20211013_105452.jpeg,True,92091,337,Boardwalk < 1.2m High,,27355,AST_IM_20211013_105452.jpeg,,,,,No,No railings,30.0,,,,,1.0,True,medium (20-100m),standard (0.9-1.5m),,
data/citywide/images/337/92091/27360__AST_IM_20211013_105445.jpeg,True,92091,337,Boardwalk < 1.2m High,,27360,AST_IM_20211013_105445.jpeg,,,,,No,No railings,30.0,,,,,1.0,True,medium (20-100m),standard (0.9-1.5m),,
data/citywide/images/337/92708/29022__AST_IM_20211020_104758.jpeg,True,92708,337,Boardwalk < 1.2m High,"60% mossy, few broken planks",29022,AST_IM_20211020_104758.jpeg,,,,,,No railings,5.0,,,Timber,,,True,short (<20m),,,
data/citywide/images/337/94266/35198__IMG_0040.JPG,True,94266,337,Boardwalk < 1.2m High,"2"" rough cedar boardwalk on Cedar stringers",35198,IMG_0040.JPG,,,Timber,,No,No railings,20.0,,,Timber,,0.75,True,medium (20-100m),narrow (<0.9m),,
data/citywide/images/337/94271/35203__IMG_0060.JPG,True,94271,337,Boardwalk < 1.2m High,"2"" rough cedar boardwalk on Cedar stringers",35203,IMG_0060.JPG,,,Timber,,No,No railings,100.0,,,Timber,,0.75,True,long (>100m),narrow (<0.9m),,
data/citywide/images/337/94272/35204__IMG_0067.JPG,True,94272,337,Boardwalk < 1.2m High,"2"" rough cedar boardwalk on Cedar stringers",35204,IMG_0067.JPG,,,Timber,,No,No railings,12.0,,,Timber,,0.75,True,short (<20m),narrow (<0.9m),,
data/citywide/images/337/94274/35206__IMG_0074.JPG,True,94274,337,Boardwalk < 1.2m High,"2"" rough cedar boardwalk on Cedar stringers",35206,IMG_0074.JPG,,,Timber,,No,No railings,66.0,,,Timber,,0.75,True,medium (20-100m),narrow (<0.9m),,
data/citywide/images/337/94275/35207__IMG_0078.JPG,True,94275,337,Boardwalk < 1.2m High,"2"" rough cedar boardwalk on Cedar stringers",35207,IMG_0078.JPG,,,Timber,,No,No railings,30.0,,,Timber,,0.75,True,medium (20-100m),narrow (<0.9m),,
data/citywide/images/337/94277/35209__IMG_0086.JPG,True,94277,337,Boardwalk < 1.2m High,"2"" rough cedar boardwalk on Cedar stringers",35209,IMG_0086.JPG,,,Timber,,No,No railings,1500.0,,,Timber,,0.75,True,long (>100m),narrow (<0.9m),,
data/citywide/images/337/94278/35210__IMG_0090.JPG,True,94278,337,Boardwalk < 1.2m High,"2"" rough cedar boardwalk on Cedar stringers",35210,IMG_0090.JPG,,,Timber,,No,No railings,50.0,,,Timber,,0.75,True,medium (20-100m),narrow (<0.9m),,
data/citywide/images/337/94279/35211__IMG_0094.JPG,True,94279,337,Boardwalk < 1.2m High,"2"" rough cedar boardwalk on Cedar stringers",35211,IMG_0094.JPG,,,Timber,,No,No railings,10.0,,,Timber,,0.75,True,short (<20m),narrow (<0.9m),,
data/citywide/images/337/94280/35212__IMG_0098.JPG,True,94280,337,Boardwalk < 1.2m High,"2"" rough cedar boardwalk on Cedar stringers",35212,IMG_0098.JPG,,,Timber,,No,No railings,75.0,,,Timber,,0.75,True,medium (20-100m),narrow (<0.9m),,
data/citywide/images/337/94281/35213__IMG_0102.JPG,True,94281,337,Boardwalk < 1.2m High,"2"" rough cedar boardwalk on Cedar stringers",35213,IMG_0102.JPG,,,Timber,,No,No railings,15.0,,,Timber,,0.75,True,short (<20m),narrow (<0.9m),,
data/citywide/images/337/94283/35215__IMG_0110.JPG,True,94283,337,Boardwalk < 1.2m High,"2"" rough cedar boardwalk on Cedar stringers",35215,IMG_0110.JPG,,,Timber,,No,No railings,12.0,,,Timber,,0.75,True,short (<20m),narrow (<0.9m),,
data/citywide/images/337/94288/35220__IMG_0131.JPG,True,94288,337,Boardwalk < 1.2m High,"2"" rough cedar boardwalk on Cedar stringers",35220,IMG_0131.JPG,,,Timber,,No,No railings,12.0,,,Timber,,0.75,True,short (<20m),narrow (<0.9m),,
data/citywide/images/337/94291/35231__IMG_0143.JPG,True,94291,337,Boardwalk < 1.2m High,"2"" rough cedar boardwalk on Cedar stringers",35231,IMG_0143.JPG,,,Timber,,No,No railings,12.0,,,Timber,,0.75,True,short (<20m),narrow (<0.9m),,
data/citywide/images/337/94293/35233__IMG_0151.JPG,True,94293,337,Boardwalk < 1.2m High,"2"" rough cedar boardwalk on Cedar stringers",35233,IMG_0151.JPG,,,Timber,,No,No railings,15.0,,,Timber,,0.75,True,short (<20m),narrow (<0.9m),,
data/citywide/images/337/94294/35234__IMG_0155.JPG,True,94294,337,Boardwalk < 1.2m High,"2"" rough cedar boardwalk on Cedar stringers",35234,IMG_0155.JPG,,,Timber,,No,No railings,15.0,,,Timber,,0.75,True,short (<20m),narrow (<0.9m),,
data/citywide/images/337/94319/35258__IMG_0246.JPG,True,94319,337,Boardwalk < 1.2m High,"2"" rough cedar boardwalk on Cedar stringers",35258,IMG_0246.JPG,,,Timber,,No,No railings,100.0,,,Timber,,0.5,True,long (>100m),narrow (<0.9m),,
data/citywide/images/337/94322/35261__IMG_0258.JPG,True,94322,337,Boardwalk < 1.2m High,6x6 3 wide cedar boardwalk,35261,IMG_0258.JPG,,,Timber,,No,No railings,10.0,,,Timber,,0.5,True,short (<20m),narrow (<0.9m),,
data/citywide/images/337/94327/35264__IMG_0274.JPG,True,94327,337,Boardwalk < 1.2m High,6x6 3 wide cedar boardwalk,35264,IMG_0274.JPG,,,Timber,,No,No railings,4.0,,,Timber,,0.5,True,short (<20m),narrow (<0.9m),,
data/citywide/images/337/94348/35283__IMG_0348.JPG,True,94348,337,Boardwalk < 1.2m High,"2"" rough cedar boardwalk on Cedar stringers",35283,IMG_0348.JPG,,,Timber,,No,No railings,75.0,,,Timber,,0.75,True,medium (20-100m),narrow (<0.9m),,
data/citywide/images/337/94350/35285__IMG_0356.JPG,True,94350,337,Boardwalk < 1.2m High,"2"" rough cedar boardwalk on Cedar stringers",35285,IMG_0356.JPG,,,Timber,,No,No railings,5.0,,,Timber,,0.75,True,short (<20m),narrow (<0.9m),,
data/citywide/images/337/94353/35288__IMG_0368.JPG,True,94353,337,Boardwalk < 1.2m High,"2"" rough cedar boardwalk on Cedar stringers",35288,IMG_0368.JPG,,,Timber,,No,No railings,6.0,,,Timber,,0.75,True,short (<20m),narrow (<0.9m),,
data/citywide/images/337/94356/35291__IMG_0382.JPG,True,94356,337,Boardwalk < 1.2m High,"2"" rough cedar boardwalk on Cedar stringers",35291,IMG_0382.JPG,,,Timber,,No,No railings,100.0,,,Timber,,0.75,True,long (>100m),narrow (<0.9m),,
data/citywide/images/337/94357/35292__IMG_0386.JPG,True,94357,337,Boardwalk < 1.2m High,"2"" rough cedar boardwalk on Cedar stringers",35292,IMG_0386.JPG,,,Timber,,No,No railings,150.0,,,Timber,,0.75,True,long (>100m),narrow (<0.9m),,
data/citywide/images/337/94359/35294__IMG_0397.JPG,True,94359,337,Boardwalk < 1.2m High,6x6 3 wide cedar boardwalk,35294,IMG_0397.JPG,,,Timber,,No,No railings,15.0,,,Timber,,0.75,True,short (<20m),narrow (<0.9m),,
data/citywide/images/337/94362/35296__IMG_0407.JPG,True,94362,337,Boardwalk < 1.2m High,"2"" rough cedar boardwalk on Cedar stringers",35296,IMG_0407.JPG,,,Timber,,No,No railings,6.0,,,Timber,,0.75,True,short (<20m),narrow (<0.9m),,
data/citywide/images/337/94365/35298__IMG_0419.JPG,True,94365,337,Boardwalk < 1.2m High,"2"" rough cedar boardwalk on Cedar stringers",35298,IMG_0419.JPG,,,Timber,,No,No railings,20.0,,,Timber,,0.75,True,medium (20-100m),narrow (<0.9m),,
data/citywide/images/337/94367/35300__IMG_0427.JPG,True,94367,337,Boardwalk < 1.2m High,"2"" rough cedar boardwalk on Cedar stringers",35300,IMG_0427.JPG,,,Timber,,No,No railings,12.0,,,Timber,,0.75,True,short (<20m),narrow (<0.9m),,
data/citywide/images/337/94377/35309__IMG_0459.JPG,True,94377,337,Boardwalk < 1.2m High,"2"" rough cedar boardwalk on Cedar stringers",35309,IMG_0459.JPG,,,Timber,,No,No railings,5.0,,,Timber,,0.75,True,short (<20m),narrow (<0.9m),,
data/citywide/images/337/94378/35310__IMG_0462.JPG,True,94378,337,Boardwalk < 1.2m High,"2"" rough cedar boardwalk on Cedar stringers",35310,IMG_0462.JPG,,,Timber,,No,No railings,25.0,,,Timber,,0.75,True,medium (20-100m),narrow (<0.9m),,
data/citywide/images/337/94382/35314__IMG_0474.JPG,True,94382,337,Boardwalk < 1.2m High,"2"" rough cedar boardwalk on Cedar stringers",35314,IMG_0474.JPG,,,Timber,,No,No railings,20.0,,,Timber,,0.75,True,medium (20-100m),narrow (<0.9m),,
data/citywide/images/337/94385/35316__IMG_0483.JPG,True,94385,337,Boardwalk < 1.2m High,"2"" rough cedar boardwalk on Cedar stringers",35316,IMG_0483.JPG,,,Timber,,No,No railings,15.0,,,Timber,,0.75,True,short (<20m),narrow (<0.9m),,
data/citywide/images/337/94390/35321__IMG_0498.JPG,True,94390,337,Boardwalk < 1.2m High,"2"" rough cedar boardwalk on Cedar stringers",35321,IMG_0498.JPG,,,Timber,,No,No railings,40.0,,,Timber,,0.75,True,medium (20-100m),narrow (<0.9m),,
data/citywide/images/337/94392/35323__IMG_0504.JPG,True,94392,337,Boardwalk < 1.2m High,"2"" rough cedar boardwalk on Cedar stringers",35323,IMG_0504.JPG,,,Timber,,No,No railings,5.0,,,Timber,,0.75,True,short (<20m),narrow (<0.9m),,
data/citywide/images/337/94394/35325__IMG_0510.JPG,True,94394,337,Boardwalk < 1.2m High,"2"" rough cedar boardwalk on Cedar stringers",35325,IMG_0510.JPG,,,Timber,,No,No railings,15.0,,,Timber,,0.75,True,short (<20m),narrow (<0.9m),,
data/citywide/images/337/94408/35338__IMG_0551.JPG,True,94408,337,Boardwalk < 1.2m High,"2"" rough cedar boardwalk on Cedar stringers",35338,IMG_0551.JPG,,,Timber,,No,No railings,25.0,,,Timber,,0.75,True,medium (20-100m),narrow (<0.9m),,
data/citywide/images/337/94409/35339__IMG_0554.JPG,True,94409,337,Boardwalk < 1.2m High,"2"" rough cedar boardwalk on Cedar stringers",35339,IMG_0554.JPG,,,Timber,,No,No railings,15.0,,,Timber,,0.75,True,short (<20m),narrow (<0.9m),,
data/citywide/images/337/94410/35340__IMG_0557.JPG,True,94410,337,Boardwalk < 1.2m High,"2"" rough cedar boardwalk on Cedar stringers",35340,IMG_0557.JPG,,,Timber,,No,No railings,5.0,,,Timber,,0.75,True,short (<20m),narrow (<0.9m),,
data/citywide/images/337/94411/35341__IMG_0560.JPG,True,94411,337,Boardwalk < 1.2m High,"2"" rough cedar boardwalk on Cedar stringers",35341,IMG_0560.JPG,,,Timber,,No,No railings,7.0,,,Timber,,0.75,True,short (<20m),narrow (<0.9m),,
data/citywide/images/337/94413/35343__IMG_0566.JPG,True,94413,337,Boardwalk < 1.2m High,"2"" rough cedar boardwalk on Cedar stringers",35343,IMG_0566.JPG,,,Timber,,No,No railings,150.0,,,Timber,,0.75,True,long (>100m),narrow (<0.9m),,
data/citywide/images/337/94414/35344__IMG_0569.JPG,True,94414,337,Boardwalk < 1.2m High,"2"" rough cedar boardwalk on Cedar stringers",35344,IMG_0569.JPG,,,Timber,,No,No railings,15.0,,,Timber,,0.75,True,short (<20m),narrow (<0.9m),,
data/citywide/images/337/94416/35346__IMG_0575.JPG,True,94416,337,Boardwalk < 1.2m High,"2"" rough cedar boardwalk on Cedar stringers",35346,IMG_0575.JPG,,,Timber,,No,No railings,32.0,,,Timber,,0.75,True,medium (20-100m),narrow (<0.9m),,
data/citywide/images/337/94421/35351__IMG_0595.JPG,True,94421,337,Boardwalk < 1.2m High,"2"" rough cedar boardwalk on Cedar stringers",35351,IMG_0595.JPG,,,Timber,,No,No railings,20.0,,,Timber,,0.75,True,medium (20-100m),narrow (<0.9m),,
data/citywide/images/337/94422/35352__IMG_0598.JPG,True,94422,337,Boardwalk < 1.2m High,"2"" rough cedar boardwalk on Cedar stringers",35352,IMG_0598.JPG,,,Timber,,No,No railings,15.0,,,Timber,,0.75,True,short (<20m),narrow (<0.9m),,
data/citywide/images/337/94423/35353__IMG_0601.JPG,True,94423,337,Boardwalk < 1.2m High,"2"" rough cedar boardwalk on Cedar stringers",35353,IMG_0601.JPG,,,Timber,,No,No railings,12.0,,,Timber,,0.75,True,short (<20m),narrow (<0.9m),,
data/citywide/images/337/94424/35354__IMG_0604.JPG,True,94424,337,Boardwalk < 1.2m High,"2"" rough cedar boardwalk on Cedar stringers",35354,IMG_0604.JPG,,,Timber,,No,No railings,50.0,,,Timber,,0.75,True,medium (20-100m),narrow (<0.9m),,
data/citywide/images/337/94487/34112__IMG_5124.JPG,True,94487,337,Boardwalk < 1.2m High,Log boardwalk built with on-site materials,34112,IMG_5124.JPG,,,,,No,No railings,15.0,,,Timber,,0.4,True,short (<20m),narrow (<0.9m),,
data/citywide/images/337/94780/70487__MI_20240629_143700.jpg,True,94780,337,Boardwalk < 1.2m High,"between buckhorn and blackwall, 4 sections of boardwalk with rises.",70487,MI_20240629_143700.jpg,,,Timber,,No,No railings,10.0,,,,,1.5,True,short (<20m),wide (>1.5m),,
data/citywide/images/337/95730/35387__image.png,True,95730,337,Boardwalk < 1.2m High,3 Section Boardwalk,35387,image.png,,,Timber,,No,No railings,66.0,,,Timber,,1.0,True,medium (20-100m),standard (0.9-1.5m),,
data/citywide/images/337/95730/35388__image.png,True,95730,337,Boardwalk < 1.2m High,3 Section Boardwalk,35388,image.png,,,Timber,,No,No railings,66.0,,,Timber,,1.0,True,medium (20-100m),standard (0.9-1.5m),,
data/citywide/images/337/95730/35389__image.png,True,95730,337,Boardwalk < 1.2m High,3 Section Boardwalk,35389,image.png,,,Timber,,No,No railings,66.0,,,Timber,,1.0,True,medium (20-100m),standard (0.9-1.5m),,
data/citywide/images/337/95730/35390__image.png,True,95730,337,Boardwalk < 1.2m High,3 Section Boardwalk,35390,image.png,,,Timber,,No,No railings,66.0,,,Timber,,1.0,True,medium (20-100m),standard (0.9-1.5m),,
data/citywide/images/337/95730/35391__image.png,True,95730,337,Boardwalk < 1.2m High,3 Section Boardwalk,35391,image.png,,,Timber,,No,No railings,66.0,,,Timber,,1.0,True,medium (20-100m),standard (0.9-1.5m),,
data/citywide/images/337/96358/35926__AST_IM_20220212_112700.jpeg,True,96358,337,Boardwalk < 1.2m High,,35926,AST_IM_20220212_112700.jpeg,,,Timber,,No,No railings,8.0,,,Timber,,1.0,True,short (<20m),standard (0.9-1.5m),,
data/citywide/images/337/100345/44056__AST_IM_20220601_121048.jpeg,True,100345,337,Boardwalk < 1.2m High,15 m x .5 m long boardwalk tree stringers 2x12 decking,44056,AST_IM_20220601_121048.jpeg,,,Timber,,No,No railings,25.0,,,Timber,,0.5,True,medium (20-100m),narrow (<0.9m),,
data/citywide/images/337/100345/74874__bridge1.jpg,True,100345,337,Boardwalk < 1.2m High,15 m x .5 m long boardwalk tree stringers 2x12 decking,74874,bridge1.jpg,,,Timber,,No,No railings,25.0,,,Timber,,0.5,True,medium (20-100m),narrow (<0.9m),,
data/citywide/images/337/100549/44371__AST_IM_20220603_103836.jpeg,True,100549,337,Boardwalk < 1.2m High,Boardwalk installed 2019 cedar and log construction,44371,AST_IM_20220603_103836.jpeg,Timber,Beam,Timber,,,,7.05,,,Timber,,0.9,True,short (<20m),standard (0.9-1.5m),,
data/citywide/images/337/100549/65059__AST_EX_20230608_094624.jpeg,True,100549,337,Boardwalk < 1.2m High,Boardwalk installed 2019 cedar and log construction,65059,AST_EX_20230608_094624.jpeg,Timber,Beam,Timber,,,,7.05,,,Timber,,0.9,True,short (<20m),standard (0.9-1.5m),,
data/citywide/images/337/100550/67095__Non-Slip_Stiars_first_set.jpg,True,100550,337,Boardwalk < 1.2m High,Cedar 4x4 construction with handrail,67095,Non-Slip Stiars first set.jpg,,,Timber,,No,,3.0,,,Timber,,1.0,True,short (<20m),standard (0.9-1.5m),,
data/citywide/images/337/100550/76689__AST_EX_20241025_123019.jpeg,True,100550,337,Boardwalk < 1.2m High,Cedar 4x4 construction with handrail,76689,AST_EX_20241025_123019.jpeg,,,Timber,,No,,3.0,,,Timber,,1.0,True,short (<20m),standard (0.9-1.5m),,
data/citywide/images/337/100550/76690__AST_EX_20241025_122937.jpeg,True,100550,337,Boardwalk < 1.2m High,Cedar 4x4 construction with handrail,76690,AST_EX_20241025_122937.jpeg,,,Timber,,No,,3.0,,,Timber,,1.0,True,short (<20m),standard (0.9-1.5m),,
data/citywide/images/337/100555/44377__AST_IM_20220603_105153.jpeg,True,100555,337,Boardwalk < 1.2m High,"Multi level, multi stair case, 100m boardwalk to petroglyphs",44377,AST_IM_20220603_105153.jpeg,Timber,Beam,Timber,,,,106.7,,,Timber,,0.9,True,long (>100m),standard (0.9-1.5m),,
data/citywide/images/337/100555/67091__new_backs_for_benmched.jpg,True,100555,337,Boardwalk < 1.2m High,"Multi level, multi stair case, 100m boardwalk to petroglyphs",67091,new backs for benmched.jpg,Timber,Beam,Timber,,,,106.7,,,Timber,,0.9,True,long (>100m),standard (0.9-1.5m),,
data/citywide/images/337/100555/67092__New_stairs.jpg,True,100555,337,Boardwalk < 1.2m High,"Multi level, multi stair case, 100m boardwalk to petroglyphs",67092,New stairs.jpg,Timber,Beam,Timber,,,,106.7,,,Timber,,0.9,True,long (>100m),standard (0.9-1.5m),,
data/citywide/images/337/100555/67093__NOn-Slip_Just_before_viewing_area.jpg,True,100555,337,Boardwalk < 1.2m High,"Multi level, multi stair case, 100m boardwalk to petroglyphs",67093,NOn-Slip Just before viewing area.jpg,Timber,Beam,Timber,,,,106.7,,,Timber,,0.9,True,long (>100m),standard (0.9-1.5m),,
data/citywide/images/337/100999/44970__AST_IM_20220606_141442.jpeg,True,100999,337,Boardwalk < 1.2m High,"Boardwalk is 1m high and 5m wide, no guard rail, wooden beam supports underneath",44970,AST_IM_20220606_141442.jpeg,,,Timber,,No,No railings,15.0,,,Timber,,5.0,True,short (<20m),wide (>1.5m),,
data/citywide/images/337/101005/44973__AST_IM_20220606_140431.jpeg,True,101005,337,Boardwalk < 1.2m High,"2 adjacent Wooden boardwalks, mounted on logs, no guardrail, not accessible | 1m wide x2m long + 1m x 4m 0.5m height",44973,AST_IM_20220606_140431.jpeg,,,Timber,,No,,4.0,,,Timber,,1.0,True,short (<20m),standard (0.9-1.5m),,
data/citywide/images/337/102372/46535__AST_IM_20220615_140345.jpeg,True,102372,337,Boardwalk < 1.2m High,"Condition 60, intact but starting to rot, one plank partly missing, 150m long, 1.3m high railing",46535,AST_IM_20220615_140345.jpeg,,,Timber,,Yes,,150.0,,,Timber,,2.0,True,long (>100m),wide (>1.5m),,
data/citywide/images/337/102372/46537__AST_IM_20220615_140032.jpeg,True,102372,337,Boardwalk < 1.2m High,"Condition 60, intact but starting to rot, one plank partly missing, 150m long, 1.3m high railing",46537,AST_IM_20220615_140032.jpeg,,,Timber,,Yes,,150.0,,,Timber,,2.0,True,long (>100m),wide (>1.5m),,
data/citywide/images/337/102412/46601__AST_IM_20220615_123706.jpeg,True,102412,337,Boardwalk < 1.2m High,3.5m length. 1m width. 1.2m high. no rails.,46601,AST_IM_20220615_123706.jpeg,,,Timber,,No,No railings,17.0,,,Timber,,1.0,True,short (<20m),standard (0.9-1.5m),,
data/citywide/images/337/102412/46605__AST_IM_20220615_123719.jpeg,True,102412,337,Boardwalk < 1.2m High,3.5m length. 1m width. 1.2m high. no rails.,46605,AST_IM_20220615_123719.jpeg,,,Timber,,No,No railings,17.0,,,Timber,,1.0,True,short (<20m),standard (0.9-1.5m),,
data/citywide/images/337/102415/46597__AST_IM_20220615_124944.jpeg,True,102415,337,Boardwalk < 1.2m High,Planks in place but detached from supports. Very unstable. Hazard,46597,AST_IM_20220615_124944.jpeg,,,Timber,,No,No railings,19.0,,,Timber,,1.5,True,short (<20m),wide (>1.5m),,
data/citywide/images/337/102424/46595__AST_IM_20220615_130924.jpeg,True,102424,337,Boardwalk < 1.2m High,Condition 95. Wood bridge 1m high. 1.5m wide. 4m long. No guard.,46595,AST_IM_20220615_130924.jpeg,,,Timber,,No,No railings,4.0,,,Timber,,1.5,True,short (<20m),wide (>1.5m),,
data/citywide/images/337/102424/84755__20250709_183211786_iOS.jpg,True,102424,337,Boardwalk < 1.2m High,Condition 95. Wood bridge 1m high. 1.5m wide. 4m long. No guard.,84755,20250709_183211786_iOS.jpg,,,Timber,,No,No railings,4.0,,,Timber,,1.5,True,short (<20m),wide (>1.5m),,
data/citywide/images/337/102545/46755__AST_IM_20220616_105250.jpeg,True,102545,337,Boardwalk < 1.2m High,wooden boardwalk roughly 4m,46755,AST_IM_20220616_105250.jpeg,,,,,No,No railings,4.0,,,,,1.0,True,short (<20m),standard (0.9-1.5m),,
data/citywide/images/337/102560/46752__AST_IM_20220616_105543.jpeg,True,102560,337,Boardwalk < 1.2m High,wooden boardwalk roughly 5m,46752,AST_IM_20220616_105543.jpeg,,,Timber,,No,No railings,5.0,,,,,1.0,True,short (<20m),standard (0.9-1.5m),,
data/citywide/images/337/103708/48479__AST_IM_20220623_101844.jpeg,True,103708,337,Boardwalk < 1.2m High,Condition 60 2x6 boards on 4x 4 posts,48479,AST_IM_20220623_101844.jpeg,Timber,Beam,Timber,,,No railings,2.0,,,,,,True,short (<20m),,,
data/citywide/images/337/103740/48467__AST_IM_20220623_105658.jpeg,True,103740,337,Boardwalk < 1.2m High,Ciondition 85 16 ft mixed construction,48467,AST_IM_20220623_105658.jpeg,Timber,Beam,Timber,,,No railings,5.0,,,,,,True,short (<20m),,,
data/citywide/images/337/103742/48440__AST_IM_20220623_123342.jpeg,True,103742,337,Boardwalk < 1.2m High,"Condition 60 15ft, mom standard",48440,AST_IM_20220623_123342.jpeg,,,Timber,,No,No railings,450.0,,,Timber,,1.0,True,long (>100m),standard (0.9-1.5m),,
data/citywide/images/337/105250/84384__AST_EX_20250705_152553.jpeg,True,105250,337,Boardwalk < 1.2m High,5ftx2ft. Hiker spruce lake trail.,84384,AST_EX_20250705_152553.jpeg,,,Timber,,No,No railings,1.52,,,Timber,,0.75,True,short (<20m),narrow (<0.9m),,
data/citywide/images/337/106401/53157__AST_IM_20220710_133948.jpeg,True,106401,337,Boardwalk < 1.2m High,"Three, 2x8 board planks with log steps between",53157,AST_IM_20220710_133948.jpeg,,,Timber,,No,No railings,15.0,,,Timber,,0.6,True,short (<20m),narrow (<0.9m),,
data/citywide/images/337/106937/54004__AST_IM_20220714_143554.jpeg,True,106937,337,Boardwalk < 1.2m High,"very rotted, boards loose, 2 boards missing",54004,AST_IM_20220714_143554.jpeg,,,Timber,,No,No railings,4.3,,,Timber,,1.0,True,short (<20m),standard (0.9-1.5m),,
data/citywide/images/337/107048/54078__AST_IM_20220715_090044.jpeg,True,107048,337,Boardwalk < 1.2m High,"Buckled bridge, stream now flowing over. Build replacement bridge sitting beside 0. Replacement bridge needs to be installed",54078,AST_IM_20220715_090044.jpeg,,,Timber,,No,No railings,9.0,,,Timber,,1.0,True,short (<20m),standard (0.9-1.5m),,
data/citywide/images/337/107051/72007__AST_EX_20240803_103753.jpeg,True,107051,337,Boardwalk < 1.2m High,Weather worn. 75,72007,AST_EX_20240803_103753.jpeg,,,,,No,No railings,15.0,,,,,1.0,True,short (<20m),standard (0.9-1.5m),,
data/citywide/images/337/107062/72048__AST_EX_20240803_102514.jpeg,True,107062,337,Boardwalk < 1.2m High,70. Made of ripped logs for decking,72048,AST_EX_20240803_102514.jpeg,,,Timber,,No,No railings,6.0,,,Timber,,1.0,True,short (<20m),standard (0.9-1.5m),,
data/citywide/images/337/107579/54656__AST_IM_20220720_121206.jpeg,True,107579,337,Boardwalk < 1.2m High,"new 3m by 0.5 m wood boardwalks, 2 of them beside each other",54656,AST_IM_20220720_121206.jpeg,,,,,No,No railings,4.0,,,,,0.5,True,short (<20m),narrow (<0.9m),,
data/citywide/images/337/107582/54641__AST_IM_20220720_130700.jpeg,True,107582,337,Boardwalk < 1.2m High,"wood, 2.5m long, 1m wide",54641,AST_IM_20220720_130700.jpeg,,,,,No,No railings,10.0,,,,,1.0,True,short (<20m),standard (0.9-1.5m),,
data/citywide/images/337/107590/54669__AST_IM_20220720_121400.jpeg,True,107590,337,Boardwalk < 1.2m High,"wood, fairly sound condition but gaps, 15m long, 1m wide",54669,AST_IM_20220720_121400.jpeg,,,,,No,No railings,20.0,,,,,1.0,True,medium (20-100m),standard (0.9-1.5m),,
data/citywide/images/337/107591/54655__AST_IM_20220720_121029.jpeg,True,107591,337,Boardwalk < 1.2m High,"old log boardwalk, big gaps, rotted, 3m long",54655,AST_IM_20220720_121029.jpeg,,,,,No,No railings,14.0,,,,,,True,short (<20m),,,
data/citywide/images/337/107602/54645__AST_IM_20220720_122733.jpeg,True,107602,337,Boardwalk < 1.2m High,"new installed July 20, 2022, 20m long",54645,AST_IM_20220720_122733.jpeg,,,,,No,No railings,30.0,,,,,,True,medium (20-100m),,,
data/citywide/images/337/107867/54997__AST_IM_20220720_135728.jpeg,True,107867,337,Boardwalk < 1.2m High,55m of boardwalk. Condition 80,54997,AST_IM_20220720_135728.jpeg,,,Timber,,No,No railings,55.0,,,Timber,,1.0,True,medium (20-100m),standard (0.9-1.5m),,
data/citywide/images/337/107867/76410__AST_EX_20241025_132058.jpeg,True,107867,337,Boardwalk < 1.2m High,55m of boardwalk. Condition 80,76410,AST_EX_20241025_132058.jpeg,,,Timber,,No,No railings,55.0,,,Timber,,1.0,True,medium (20-100m),standard (0.9-1.5m),,
data/citywide/images/337/107883/54990__AST_IM_20220720_154122.jpeg,True,107883,337,Boardwalk < 1.2m High,20m boardwalk brand new,54990,AST_IM_20220720_154122.jpeg,,,Timber,,No,No railings,20.0,,,Timber,,1.0,True,medium (20-100m),standard (0.9-1.5m),,
data/citywide/images/337/107883/76413__AST_EX_20241025_111131.jpeg,True,107883,337,Boardwalk < 1.2m High,20m boardwalk brand new,76413,AST_EX_20241025_111131.jpeg,,,Timber,,No,No railings,20.0,,,Timber,,1.0,True,medium (20-100m),standard (0.9-1.5m),,
data/citywide/images/337/107901/54964__AST_IM_20220720_151920.jpeg,True,107901,337,Boardwalk < 1.2m High,Brand new 12m boardwalk condition 85,54964,AST_IM_20220720_151920.jpeg,,,Timber,,No,No railings,13.0,,,Timber,,1.0,True,short (<20m),standard (0.9-1.5m),,
data/citywide/images/337/107901/76401__AST_EX_20241025_113312.jpeg,True,107901,337,Boardwalk < 1.2m High,Brand new 12m boardwalk condition 85,76401,AST_EX_20241025_113312.jpeg,,,Timber,,No,No railings,13.0,,,Timber,,1.0,True,short (<20m),standard (0.9-1.5m),,
data/citywide/images/337/107906/55002__AST_IM_20220721_121717.jpeg,True,107906,337,Boardwalk < 1.2m High,10m boardwalk,55002,AST_IM_20220721_121717.jpeg,,,Timber,,No,No railings,450.0,,,Timber,,1.0,True,long (>100m),standard (0.9-1.5m),,
data/citywide/images/337/107909/54975__AST_IM_20220721_130300.jpeg,True,107909,337,Boardwalk < 1.2m High,10m rotting,54975,AST_IM_20220721_130300.jpeg,,,Timber,,No,No railings,10.0,,,Timber,,1.0,True,short (<20m),standard (0.9-1.5m),,
data/citywide/images/337/107920/54979__AST_IM_20220721_115646.jpeg,True,107920,337,Boardwalk < 1.2m High,5m starting to be buried. Condition 30,54979,AST_IM_20220721_115646.jpeg,,,Timber,,No,No railings,13.0,,,Timber,,1.0,True,short (<20m),standard (0.9-1.5m),,
data/citywide/images/337/107959/55122__AST_IM_20220721_110528.jpeg,True,107959,337,Boardwalk < 1.2m High,"Two pieces of deck board walk wood, rotten, is not being used as the trail goes around it. Nails still in the boards and into the tree/roots",55122,AST_IM_20220721_110528.jpeg,,,Timber,,No,No railings,3.0,,,Timber,,1.0,True,short (<20m),standard (0.9-1.5m),,
data/citywide/images/337/107959/77635__AST_EX_20241030_141331.jpeg,True,107959,337,Boardwalk < 1.2m High,"Two pieces of deck board walk wood, rotten, is not being used as the trail goes around it. Nails still in the boards and into the tree/roots",77635,AST_EX_20241030_141331.jpeg,,,Timber,,No,No railings,3.0,,,Timber,,1.0,True,short (<20m),standard (0.9-1.5m),,
data/citywide/images/337/107966/55066__AST_IM_20220721_125424.jpeg,True,107966,337,Boardwalk < 1.2m High,Not useable only three pieces of wood sticking out of mud. Condition 4%,55066,AST_IM_20220721_125424.jpeg,,,Timber,,No,No railings,5.0,,,Timber,,1.0,True,short (<20m),standard (0.9-1.5m),,
data/citywide/images/337/107978/55147__AST_IM_20220721_110912.jpeg,True,107978,337,Boardwalk < 1.2m High,"Wobbly, rotting, | Condition 26",55147,AST_IM_20220721_110912.jpeg,,,Timber,,No,No railings,65.0,,,Timber,,1.0,True,medium (20-100m),standard (0.9-1.5m),,
data/citywide/images/337/107991/55102__AST_IM_20220721_135525.jpeg,True,107991,337,Boardwalk < 1.2m High,Grip pieces of wood mostly fallen off. One side rotten and unstable. Needs replacing. 15%,55102,AST_IM_20220721_135525.jpeg,,,Timber,,No,No railings,6.0,,,Timber,,1.0,True,short (<20m),standard (0.9-1.5m),,
data/citywide/images/337/108008/55145__AST_IM_20220721_105638.jpeg,True,108008,337,Boardwalk < 1.2m High,"Stringers rotting, Moss, but no pieces missing. A bit wobbly | Condition- 30",55145,AST_IM_20220721_105638.jpeg,,,Timber,,No,No railings,22.0,,,Timber,,1.0,True,medium (20-100m),standard (0.9-1.5m),,
data/citywide/images/337/108008/55149__AST_IM_20220721_105623.jpeg,True,108008,337,Boardwalk < 1.2m High,"Stringers rotting, Moss, but no pieces missing. A bit wobbly | Condition- 30",55149,AST_IM_20220721_105623.jpeg,,,Timber,,No,No railings,22.0,,,Timber,,1.0,True,medium (20-100m),standard (0.9-1.5m),,
data/citywide/images/337/108008/77638__AST_EX_20241030_141030.jpeg,True,108008,337,Boardwalk < 1.2m High,"Stringers rotting, Moss, but no pieces missing. A bit wobbly | Condition- 30",77638,AST_EX_20241030_141030.jpeg,,,Timber,,No,No railings,22.0,,,Timber,,1.0,True,medium (20-100m),standard (0.9-1.5m),,
data/citywide/images/337/108011/55068__AST_IM_20220721_122916.jpeg,True,108011,337,Boardwalk < 1.2m High,"Pretty solid , some moss and a few boards loose  | Condition- 45",55068,AST_IM_20220721_122916.jpeg,,,Timber,,No,No railings,10.0,,,Timber,,1.0,True,short (<20m),standard (0.9-1.5m),,
data/citywide/images/337/108014/55098__AST_IM_20220721_144810.jpeg,True,108014,337,Boardwalk < 1.2m High,single plank boards on small risers,55098,AST_IM_20220721_144810.jpeg,,,Timber,,No,No railings,450.0,,,Timber,,1.0,True,long (>100m),standard (0.9-1.5m),,
data/citywide/images/337/108023/55057__AST_IM_20220721_122749.jpeg,True,108023,337,Boardwalk < 1.2m High,Covered in mud and last board loose  | Condition-40,55057,AST_IM_20220721_122749.jpeg,,,Timber,,No,No railings,8.0,,,Timber,,1.0,True,short (<20m),standard (0.9-1.5m),,
data/citywide/images/337/108041/55119__AST_IM_20220721_113626.jpeg,True,108041,337,Boardwalk < 1.2m High,Entirely buried under the mud and rotting. Needs replacing. 15%,55119,AST_IM_20220721_113626.jpeg,,,Timber,,No,No railings,8.0,,,Timber,,1.0,True,short (<20m),standard (0.9-1.5m),,
data/citywide/images/337/108041/55133__AST_IM_20220721_113614.jpeg,True,108041,337,Boardwalk < 1.2m High,Entirely buried under the mud and rotting. Needs replacing. 15%,55133,AST_IM_20220721_113614.jpeg,,,Timber,,No,No railings,8.0,,,Timber,,1.0,True,short (<20m),standard (0.9-1.5m),,
data/citywide/images/337/108296/55548__AST_IM_20220714_091141.jpeg,True,108296,337,Boardwalk < 1.2m High,,55548,AST_IM_20220714_091141.jpeg,,,Timber,,No,No railings,8.0,,,Timber,,1.0,True,short (<20m),standard (0.9-1.5m),,
data/citywide/images/337/108297/55551__AST_IM_20220714_091042.jpeg,True,108297,337,Boardwalk < 1.2m High,,55551,AST_IM_20220714_091042.jpeg,,,Timber,,No,No railings,8.0,,,Timber,,1.0,True,short (<20m),standard (0.9-1.5m),,
data/citywide/images/337/108318/55502__AST_IM_20220715_103538.jpeg,True,108318,337,Boardwalk < 1.2m High,,55502,AST_IM_20220715_103538.jpeg,,,Timber,,No,No railings,16.0,,,Timber,,1.0,True,short (<20m),standard (0.9-1.5m),,
data/citywide/images/337/108339/55476__AST_IM_20220719_121829.jpeg,True,108339,337,Boardwalk < 1.2m High,,55476,AST_IM_20220719_121829.jpeg,,,Timber,,No,No railings,20.0,,,Timber,,1.0,True,medium (20-100m),standard (0.9-1.5m),,
data/citywide/images/337/108355/55504__AST_IM_20220719_121139.jpeg,True,108355,337,Boardwalk < 1.2m High,,55504,AST_IM_20220719_121139.jpeg,,,Timber,,No,No railings,15.0,,,Timber,,1.0,True,short (<20m),standard (0.9-1.5m),,
data/citywide/images/337/108358/55520__AST_IM_20220715_085741.jpeg,True,108358,337,Boardwalk < 1.2m High,,55520,AST_IM_20220715_085741.jpeg,,,Timber,,No,No railings,40.0,,,Timber,,1.0,True,medium (20-100m),standard (0.9-1.5m),,
data/citywide/images/337/108398/55513__AST_IM_20220715_090626.jpeg,True,108398,337,Boardwalk < 1.2m High,,55513,AST_IM_20220715_090626.jpeg,,,Timber,,No,No railings,28.0,,,Timber,,1.0,True,medium (20-100m),standard (0.9-1.5m),,
data/citywide/images/337/108654/55799__AST_IM_20220725_104244.jpeg,True,108654,337,Boardwalk < 1.2m High,"wood planks,3m long, 1m wide, 2005",55799,AST_IM_20220725_104244.jpeg,,,,,No,No railings,8.0,,,,,1.0,True,short (<20m),standard (0.9-1.5m),,
data/citywide/images/337/108656/55793__AST_IM_20220725_124041.jpeg,True,108656,337,Boardwalk < 1.2m High,"some boards soft, 3m long, 0.5m wide, 1990",55793,AST_IM_20220725_124041.jpeg,,,,,No,No railings,3.0,,,,,0.5,True,short (<20m),narrow (<0.9m),,
data/citywide/images/337/108661/55807__AST_IM_20220725_104548.jpeg,True,108661,337,Boardwalk < 1.2m High,"Wood, after pond, 1x4m",55807,AST_IM_20220725_104548.jpeg,,,Timber,,No,No railings,11.0,,,Timber,,1.0,True,short (<20m),standard (0.9-1.5m),,
data/citywide/images/337/108708/55990__AST_IM_20220726_120849.jpeg,True,108708,337,Boardwalk < 1.2m High,"wood planks in steps down to lake, 10m long, 1m wide, 1995",55990,AST_IM_20220726_120849.jpeg,,,,,No,No railings,19.0,,,,,1.0,True,short (<20m),standard (0.9-1.5m),,
data/citywide/images/337/108715/55999__AST_IM_20220726_115801.jpeg,True,108715,337,Boardwalk < 1.2m High,"wood, 1.5m long, 0.5m wide, 1995",55999,AST_IM_20220726_115801.jpeg,,,,,No,No railings,110.0,,,,,0.5,True,long (>100m),narrow (<0.9m),,
data/citywide/images/337/108716/56000__AST_IM_20220726_121554.jpeg,True,108716,337,Boardwalk < 1.2m High,"wood planks, 10m long, 1m wide, 2000",56000,AST_IM_20220726_121554.jpeg,,,,,No,No railings,2.0,,,,,1.0,True,short (<20m),standard (0.9-1.5m),,
data/citywide/images/337/108727/56056__AST_IM_20220726_120457.jpeg,True,108727,337,Boardwalk < 1.2m High,"2 logs, before another boardwalk, 1x3m,",56056,AST_IM_20220726_120457.jpeg,,,Timber,,No,No railings,10.0,,,Timber,,1.0,True,short (<20m),standard (0.9-1.5m),,
data/citywide/images/337/108729/56058__AST_IM_20220726_120054.jpeg,True,108729,337,Boardwalk < 1.2m High,"5 logs, .5x4m,",56058,AST_IM_20220726_120054.jpeg,,,Timber,,No,No railings,4.2,,,Timber,,0.5,True,short (<20m),narrow (<0.9m),,
data/citywide/images/337/108735/56057__AST_IM_20220726_120244.jpeg,True,108735,337,Boardwalk < 1.2m High,"Timber and log mix with metal traction, 1x8m",56057,AST_IM_20220726_120244.jpeg,,,Timber,,No,No railings,19.0,,,Timber,,1.0,True,short (<20m),standard (0.9-1.5m),,
data/citywide/images/337/108779/56115__AST_IM_20220725_141644.jpeg,True,108779,337,Boardwalk < 1.2m High,2 8 foot sections 1 busted 4/10,56115,AST_IM_20220725_141644.jpeg,,,Timber,,No,No railings,25.0,,,Timber,,0.5,True,medium (20-100m),narrow (<0.9m),,
data/citywide/images/337/108780/56129__AST_IM_20220725_135607.jpeg,True,108780,337,Boardwalk < 1.2m High,16 ft 6/10,56129,AST_IM_20220725_135607.jpeg,,,Timber,,No,No railings,450.0,,,Timber,,1.0,True,long (>100m),standard (0.9-1.5m),,
data/citywide/images/337/108788/56127__AST_IM_20220725_154840.jpeg,True,108788,337,Boardwalk < 1.2m High,5 8 ft 6/10,56127,AST_IM_20220725_154840.jpeg,,,Timber,,No,No railings,20.0,,,Timber,,1.0,True,medium (20-100m),standard (0.9-1.5m),,
data/citywide/images/337/108793/56113__AST_IM_20220725_190304.jpeg,True,108793,337,Boardwalk < 1.2m High,"195 ft 4/10 needs repair, new boards",56113,AST_IM_20220725_190304.jpeg,,,Timber,,No,No railings,65.0,,,Timber,,1.0,True,medium (20-100m),standard (0.9-1.5m),,
data/citywide/images/337/108795/56126__AST_IM_20220725_135352.jpeg,True,108795,337,Boardwalk < 1.2m High,3 8 foot sections 6/10,56126,AST_IM_20220725_135352.jpeg,,,Timber,,No,No railings,25.0,,,Timber,,1.0,True,medium (20-100m),standard (0.9-1.5m),,
data/citywide/images/337/109137/56716__AST_IM_20220720_151949.jpeg,True,109137,337,Boardwalk < 1.2m High,Hoard to Lines - Boardwalk 6.  Has 5 elevation changes. 22metres long. Condition: 100,56716,AST_IM_20220720_151949.jpeg,,,Timber,,No,No railings,22.0,,,Timber,,1.0,True,medium (20-100m),standard (0.9-1.5m),,
data/citywide/images/337/109555/57141__AST_IM_20220729_113159.jpeg,True,109555,337,Boardwalk < 1.2m High,"50. Timber timber timber boardwalk. 2.5m long, 1.15 m wide, 0.8 height",57141,AST_IM_20220729_113159.jpeg,,,Timber,,No,No railings,5.9,,,Timber,,1.15,True,short (<20m),standard (0.9-1.5m),,
data/citywide/images/337/109617/57214__AST_IM_20220731_152801.jpeg,True,109617,337,Boardwalk < 1.2m High,<1 m high boardwalk  | 40 m  | In service date estimated.,57214,AST_IM_20220731_152801.jpeg,,,Timber,,Yes,No railings,40.0,,,Timber,,1.0,True,medium (20-100m),standard (0.9-1.5m),,
data/citywide/images/337/109699/57403__AST_IM_20220803_110439.jpeg,True,109699,337,Boardwalk < 1.2m High,"wood plank, 3m long, 0.5m wide, 1995",57403,AST_IM_20220803_110439.jpeg,,,,,No,No railings,1.5,,,,,0.5,True,short (<20m),narrow (<0.9m),,
data/citywide/images/337/109700/57408__AST_IM_20220803_110210.jpeg,True,109700,337,Boardwalk < 1.2m High,"wood planks, 5m long, 0.5m wide, 1995",57408,AST_IM_20220803_110210.jpeg,,,,,No,No railings,4.0,,,,,0.5,True,short (<20m),narrow (<0.9m),,
data/citywide/images/337/109703/57402__AST_IM_20220803_110804.jpeg,True,109703,337,Boardwalk < 1.2m High,"two wood planks, 7m long, 1m wide, 1995",57402,AST_IM_20220803_110804.jpeg,,,,,No,No railings,19.0,,,,,1.0,True,short (<20m),standard (0.9-1.5m),,
data/citywide/images/337/109707/57398__AST_IM_20220803_111806.jpeg,True,109707,337,Boardwalk < 1.2m High,"wood planks wide apart, 4m long, 1m wide, 1995",57398,AST_IM_20220803_111806.jpeg,,,,,No,No railings,9.0,,,,,1.0,True,short (<20m),standard (0.9-1.5m),,
data/citywide/images/337/109711/57396__AST_IM_20220803_111946.jpeg,True,109711,337,Boardwalk < 1.2m High,"two wood planks, 3m long, 0.8m wide, 1995",57396,AST_IM_20220803_111946.jpeg,,,,,No,No railings,3.0,,,,,0.8,True,short (<20m),narrow (<0.9m),,
data/citywide/images/337/109712/57411__AST_IM_20220803_104924.jpeg,True,109712,337,Boardwalk < 1.2m High,"at junction at blue gentian lake trail, wood starting to rot, 4m long, 1m wide",57411,AST_IM_20220803_104924.jpeg,,,,,No,No railings,4.0,,,,,1.0,True,short (<20m),standard (0.9-1.5m),,
data/citywide/images/337/109713/57417__AST_IM_20220803_102218.jpeg,True,109713,337,Boardwalk < 1.2m High,"two old wood planks, 4m long, 0.5m wide",57417,AST_IM_20220803_102218.jpeg,,,,,No,No railings,5.0,,,,,0.5,True,short (<20m),narrow (<0.9m),,
data/citywide/images/337/109822/57738__AST_IM_20220804_134949.jpeg,True,109822,337,Boardwalk < 1.2m High,Boardwalk. Condition 60% good condition.,57738,AST_IM_20220804_134949.jpeg,,,Timber,,No,No railings,10.0,,,Timber,,1.0,True,short (<20m),standard (0.9-1.5m),,
data/citywide/images/337/109822/78148__AST_EX_20241218_124111.jpeg,True,109822,337,Boardwalk < 1.2m High,Boardwalk. Condition 60% good condition.,78148,AST_EX_20241218_124111.jpeg,,,Timber,,No,No railings,10.0,,,Timber,,1.0,True,short (<20m),standard (0.9-1.5m),,
data/citywide/images/337/109822/78150__AST_EX_20241218_124223.jpeg,True,109822,337,Boardwalk < 1.2m High,Boardwalk. Condition 60% good condition.,78150,AST_EX_20241218_124223.jpeg,,,Timber,,No,No railings,10.0,,,Timber,,1.0,True,short (<20m),standard (0.9-1.5m),,
data/citywide/images/337/109822/78158__AST_EX_20241218_124055.jpeg,True,109822,337,Boardwalk < 1.2m High,Boardwalk. Condition 60% good condition.,78158,AST_EX_20241218_124055.jpeg,,,Timber,,No,No railings,10.0,,,Timber,,1.0,True,short (<20m),standard (0.9-1.5m),,
data/citywide/images/337/109824/57745__AST_IM_20220804_135418.jpeg,True,109824,337,Boardwalk < 1.2m High,Boardwalk good condition 70%,57745,AST_IM_20220804_135418.jpeg,,,Timber,,No,No railings,4.0,,,Timber,,1.0,True,short (<20m),standard (0.9-1.5m),,
data/citywide/images/337/109824/78161__AST_EX_20241218_124354.jpeg,True,109824,337,Boardwalk < 1.2m High,Boardwalk good condition 70%,78161,AST_EX_20241218_124354.jpeg,,,Timber,,No,No railings,4.0,,,Timber,,1.0,True,short (<20m),standard (0.9-1.5m),,
data/citywide/images/337/110280/58221__AST_IM_20220807_095657.jpeg,True,110280,337,Boardwalk < 1.2m High,"1x4, wood, right of fork",58221,AST_IM_20220807_095657.jpeg,,,Timber,,No,No railings,4.0,,,Timber,,1.0,True,short (<20m),standard (0.9-1.5m),,
data/citywide/images/337/110280/58231__AST_IM_20220807_095707.jpeg,True,110280,337,Boardwalk < 1.2m High,"1x4, wood, right of fork",58231,AST_IM_20220807_095707.jpeg,,,Timber,,No,No railings,4.0,,,Timber,,1.0,True,short (<20m),standard (0.9-1.5m),,
data/citywide/images/337/110291/58213__AST_IM_20220807_104805.jpeg,True,110291,337,Boardwalk < 1.2m High,"4 logs, 1x3, 200m from other log boardwalk",58213,AST_IM_20220807_104805.jpeg,,,Timber,,No,No railings,13.0,,,Timber,,1.0,True,short (<20m),standard (0.9-1.5m),,
data/citywide/images/337/110300/58205__AST_IM_20220807_095426.jpeg,True,110300,337,Boardwalk < 1.2m High,"1x2.5, wood, right of fork",58205,AST_IM_20220807_095426.jpeg,,,Timber,,No,No railings,2.0,,,Timber,,1.0,True,short (<20m),standard (0.9-1.5m),,
data/citywide/images/337/110301/58217__AST_IM_20220807_102333.jpeg,True,110301,337,Boardwalk < 1.2m High,"1x4,  wood, left of fork, just before 2 boardwalk,",58217,AST_IM_20220807_102333.jpeg,,,Timber,,No,No railings,8.0,,,Timber,,1.0,True,short (<20m),standard (0.9-1.5m),,
data/citywide/images/337/110467/58497__AST_IM_20220723_141405.jpeg,True,110467,337,Boardwalk < 1.2m High,40 feet long,58497,AST_IM_20220723_141405.jpeg,,,,,No,No railings,12.192,,,,,1.0,True,short (<20m),standard (0.9-1.5m),,
data/citywide/images/337/110570/58581__AST_IM_20220809_103732.jpeg,True,110570,337,Boardwalk < 1.2m High,"2 wooden planks, 2.5m long, 1m wide, 2005",58581,AST_IM_20220809_103732.jpeg,,,,,No,No railings,5.0,,,,,1.0,True,short (<20m),standard (0.9-1.5m),,
data/citywide/images/337/110571/58584__AST_IM_20220809_102643.jpeg,True,110571,337,Boardwalk < 1.2m High,"old wood covered in dirt, 1m long, 1m wide, 1995",58584,AST_IM_20220809_102643.jpeg,,,,,No,No railings,8.0,,,,,1.0,True,short (<20m),standard (0.9-1.5m),,
data/citywide/images/337/110573/58588__AST_IM_20220809_101331.jpeg,True,110573,337,Boardwalk < 1.2m High,"2 wooden planks, 11m long, 1m wide, 2005",58588,AST_IM_20220809_101331.jpeg,,,,,No,No railings,9.0,,,,,1.0,True,short (<20m),standard (0.9-1.5m),,
data/citywide/images/337/110580/58582__AST_IM_20220809_101517.jpeg,True,110580,337,Boardwalk < 1.2m High,"2 wooden planks, 6m long, 1m wide, 2005",58582,AST_IM_20220809_101517.jpeg,,,,,No,No railings,4.0,,,,,1.0,True,short (<20m),standard (0.9-1.5m),,
data/citywide/images/337/110606/58634__AST_IM_20220806_151339.jpeg,True,110606,337,Boardwalk < 1.2m High,35ftx2ft. Non standard,58634,AST_IM_20220806_151339.jpeg,,,,,No,No railings,13.0,,,Timber,,0.4,True,short (<20m),narrow (<0.9m),,
data/citywide/images/337/110731/58705__AST_IM_20220810_100939.jpeg,True,110731,337,Boardwalk < 1.2m High,"2.5m long, 1.5m wide, edge guard",58705,AST_IM_20220810_100939.jpeg,,,,,No,No railings,325.0,,,,,1.5,True,long (>100m),wide (>1.5m),,
data/citywide/images/337/110955/59217__AST_IM_20220811_134753.jpeg,True,110955,337,Boardwalk < 1.2m High,12 ft beams 7/10,59217,AST_IM_20220811_134753.jpeg,,,Timber,,No,No railings,450.0,,,Timber,,1.0,True,long (>100m),standard (0.9-1.5m),,
data/citywide/images/337/110955/72622__AST_EX_20240817_122308.jpeg,True,110955,337,Boardwalk < 1.2m High,12 ft beams 7/10,72622,AST_EX_20240817_122308.jpeg,,,Timber,,No,No railings,450.0,,,Timber,,1.0,True,long (>100m),standard (0.9-1.5m),,
data/citywide/images/337/110960/59197__AST_IM_20220811_160145.jpeg,True,110960,337,Boardwalk < 1.2m High,6 ft beams 7/10,59197,AST_IM_20220811_160145.jpeg,,,Timber,,No,No railings,8.0,,,Timber,,1.0,True,short (<20m),standard (0.9-1.5m),,
data/citywide/images/337/110960/72625__AST_EX_20240817_153141.jpeg,True,110960,337,Boardwalk < 1.2m High,6 ft beams 7/10,72625,AST_EX_20240817_153141.jpeg,,,Timber,,No,No railings,8.0,,,Timber,,1.0,True,short (<20m),standard (0.9-1.5m),,
data/citywide/images/337/110969/59188__AST_IM_20220811_152320.jpeg,True,110969,337,Boardwalk < 1.2m High,88 ft beams 6/10,59188,AST_IM_20220811_152320.jpeg,,,Timber,,No,No railings,28.0,,,Timber,,1.0,True,medium (20-100m),standard (0.9-1.5m),,
data/citywide/images/337/110969/72616__AST_EX_20240817_145047.jpeg,True,110969,337,Boardwalk < 1.2m High,88 ft beams 6/10,72616,AST_EX_20240817_145047.jpeg,,,Timber,,No,No railings,28.0,,,Timber,,1.0,True,medium (20-100m),standard (0.9-1.5m),,
data/citywide/images/337/110970/59199__AST_IM_20220811_153604.jpeg,True,110970,337,Boardwalk < 1.2m High,2o ft beams 5/10,59199,AST_IM_20220811_153604.jpeg,,,Timber,,No,No railings,8.0,,,Timber,,1.0,True,short (<20m),standard (0.9-1.5m),,
data/citywide/images/337/110975/59203__AST_IM_20220812_145455.jpeg,True,110975,337,Boardwalk < 1.2m High,4 ft beams 7/10,59203,AST_IM_20220812_145455.jpeg,,,Timber,,No,No railings,13.0,,,Timber,,1.0,True,short (<20m),standard (0.9-1.5m),,
data/citywide/images/337/110975/72609__AST_EX_20240817_170253.jpeg,True,110975,337,Boardwalk < 1.2m High,4 ft beams 7/10,72609,AST_EX_20240817_170253.jpeg,,,Timber,,No,No railings,13.0,,,Timber,,1.0,True,short (<20m),standard (0.9-1.5m),,
data/citywide/images/337/110977/59201__AST_IM_20220811_160231.jpeg,True,110977,337,Boardwalk < 1.2m High,6 ft beams 7/10,59201,AST_IM_20220811_160231.jpeg,,,Timber,,No,No railings,2.1,,,Timber,,1.0,True,short (<20m),standard (0.9-1.5m),,
data/citywide/images/337/110977/72624__AST_EX_20240817_153223.jpeg,True,110977,337,Boardwalk < 1.2m High,6 ft beams 7/10,72624,AST_EX_20240817_153223.jpeg,,,Timber,,No,No railings,2.1,,,Timber,,1.0,True,short (<20m),standard (0.9-1.5m),,
data/citywide/images/337/111005/72305__MI_20240808_110223.jpg,True,111005,337,Boardwalk < 1.2m High,raised lumber decked boardwalk over creek. 2m long?,72305,MI_20240808_110223.jpg,,,Timber,,No,No railings,7.5,,,Timber,,1.0,True,short (<20m),standard (0.9-1.5m),,
data/citywide/images/337/111642/59583__Second_or_third.JPG,True,111642,337,Boardwalk < 1.2m High,"2""x8""x8' decking on 6""x6"" sills, # sills & # sections?",59583,Second or third.JPG,,,,,No,No railings,2.4384,,,,,,True,short (<20m),,,
data/citywide/images/337/111644/59584__IMG_1778.JPG,True,111644,337,Boardwalk < 1.2m High,"2""x8""x8' decking on 6""x6"" sills, # sills & # sections?",59584,IMG_1778.JPG,,,,,No,No railings,2.4384,,,,,,True,short (<20m),,,
data/citywide/images/337/111671/59800__AST_IM_20220806_121810.jpeg,True,111671,337,Boardwalk < 1.2m High,Fair 55. Bridge near 0.6x1.7,59800,AST_IM_20220806_121810.jpeg,Timber,Beam,Timber,,,No railings,8.0,,,Timber,,0.6,True,short (<20m),narrow (<0.9m),,
data/citywide/images/337/111673/59792__AST_IM_20220806_124113.jpeg,True,111673,337,Boardwalk < 1.2m High,Poor 38 bridge crooked and falling in certain places. Bridge near Elizabeth Lake. 0.6x13,59792,AST_IM_20220806_124113.jpeg,,,Timber,,No,No railings,14.9,,,Timber,,0.6,True,short (<20m),narrow (<0.9m),,
data/citywide/images/337/111673/59805__AST_IM_20220806_124007.jpeg,True,111673,337,Boardwalk < 1.2m High,Poor 38 bridge crooked and falling in certain places. Bridge near Elizabeth Lake. 0.6x13,59805,AST_IM_20220806_124007.jpeg,,,Timber,,No,No railings,14.9,,,Timber,,0.6,True,short (<20m),narrow (<0.9m),,
data/citywide/images/337/111683/59799__AST_IM_20220806_114231.jpeg,True,111683,337,Boardwalk < 1.2m High,Fair 55. Boardwalk near Lizzie's cabin. 0.6x7.5,59799,AST_IM_20220806_114231.jpeg,,,Timber,,No,No railings,7.5,,,Timber,,0.6,True,short (<20m),narrow (<0.9m),,
data/citywide/images/337/111691/59782__AST_IM_20220806_145422.jpeg,True,111691,337,Boardwalk < 1.2m High,Poor 38. Bridge wobbly but sturdy. 0.6x28,59782,AST_IM_20220806_145422.jpeg,,,Timber,,No,No railings,28.0,,,Timber,,0.6,True,medium (20-100m),narrow (<0.9m),,
data/citywide/images/337/111691/59795__AST_IM_20220806_145638.jpeg,True,111691,337,Boardwalk < 1.2m High,Poor 38. Bridge wobbly but sturdy. 0.6x28,59795,AST_IM_20220806_145638.jpeg,,,Timber,,No,No railings,28.0,,,Timber,,0.6,True,medium (20-100m),narrow (<0.9m),,
data/citywide/images/337/111693/59808__AST_IM_20220806_145122.jpeg,True,111693,337,Boardwalk < 1.2m High,Fair 55. Boardwalk in Magog near campground 35 and 36,59808,AST_IM_20220806_145122.jpeg,,,,,,,4.0,,,,,,True,short (<20m),,,
data/citywide/images/337/111717/59708__AST_IM_20220807_151504.jpeg,True,111717,337,Boardwalk < 1.2m High,Fair 55. Wobbly but sturdy. 0.9x11,59708,AST_IM_20220807_151504.jpeg,,,Timber,,No,No railings,11.0,,,Timber,,0.9,True,short (<20m),standard (0.9-1.5m),,
data/citywide/images/337/111717/59722__AST_IM_20220807_151424.jpeg,True,111717,337,Boardwalk < 1.2m High,Fair 55. Wobbly but sturdy. 0.9x11,59722,AST_IM_20220807_151424.jpeg,,,Timber,,No,No railings,11.0,,,Timber,,0.9,True,short (<20m),standard (0.9-1.5m),,
data/citywide/images/337/111774/59719__AST_IM_20220807_151321.jpeg,True,111774,337,Boardwalk < 1.2m High,Fair 45. Bridge sagging and wobbly but functional. .9 x 19,59719,AST_IM_20220807_151321.jpeg,,,Timber,,No,No railings,19.0,,,Timber,,0.9,True,short (<20m),standard (0.9-1.5m),,
data/citywide/images/337/111774/59720__AST_IM_20220807_151112.jpeg,True,111774,337,Boardwalk < 1.2m High,Fair 45. Bridge sagging and wobbly but functional. .9 x 19,59720,AST_IM_20220807_151112.jpeg,,,Timber,,No,No railings,19.0,,,Timber,,0.9,True,short (<20m),standard (0.9-1.5m),,
data/citywide/images/337/111779/59620__AST_IM_20220808_154343.jpeg,True,111779,337,Boardwalk < 1.2m High,Fair 50. 0.6x2.1 Boardwalk to equipment shed.,59620,AST_IM_20220808_154343.jpeg,,,Timber,,No,No railings,3.0,,,Timber,,0.6,True,short (<20m),narrow (<0.9m),,
data/citywide/images/337/111786/59640__AST_IM_20220808_182026.jpeg,True,111786,337,Boardwalk < 1.2m High,Fair 50. Boardwalk to wonder pass. 0.6x10,59640,AST_IM_20220808_182026.jpeg,,,Timber,,No,No railings,10.0,,,Timber,,0.6,True,short (<20m),narrow (<0.9m),,
data/citywide/images/337/111788/59641__AST_IM_20220808_183919.jpeg,True,111788,337,Boardwalk < 1.2m High,Fair 55. Bridge to wonder pass. 0.75x2.7,59641,AST_IM_20220808_183919.jpeg,,,Timber,,No,No railings,4.0,,,Timber,,0.75,True,short (<20m),narrow (<0.9m),,
data/citywide/images/337/111789/59645__AST_IM_20220808_162945.jpeg,True,111789,337,Boardwalk < 1.2m High,Fair 55. 0.6x30m,59645,AST_IM_20220808_162945.jpeg,,,Timber,,No,No railings,30.0,,,Timber,,0.6,True,medium (20-100m),narrow (<0.9m),,
data/citywide/images/337/111791/59629__AST_IM_20220808_154602.jpeg,True,111791,337,Boardwalk < 1.2m High,Fair 55. Boardwalk to fleabane cabin. 0.6 x 15m,59629,AST_IM_20220808_154602.jpeg,,,Timber,,No,No railings,15.0,,,Timber,,0.6,True,short (<20m),narrow (<0.9m),,
data/citywide/images/337/111800/59670__AST_IM_20220808_181928.jpeg,True,111800,337,Boardwalk < 1.2m High,Fair 55. Boardwalk to wonder pass. 0.6x28.5,59670,AST_IM_20220808_181928.jpeg,,,Timber,,No,No railings,28.5,,,Timber,,0.6,True,medium (20-100m),narrow (<0.9m),,
data/citywide/images/337/111804/59650__AST_IM_20220808_161427.jpeg,True,111804,337,Boardwalk < 1.2m High,Fair 55. 0.6x14.9m.,59650,AST_IM_20220808_161427.jpeg,,,Timber,,No,No railings,30.0,,,Timber,,0.6,True,medium (20-100m),narrow (<0.9m),,
data/citywide/images/337/111804/59652__AST_IM_20220808_161446.jpeg,True,111804,337,Boardwalk < 1.2m High,Fair 55. 0.6x14.9m.,59652,AST_IM_20220808_161446.jpeg,,,Timber,,No,No railings,30.0,,,Timber,,0.6,True,medium (20-100m),narrow (<0.9m),,
data/citywide/images/337/111805/59668__AST_IM_20220808_183542.jpeg,True,111805,337,Boardwalk < 1.2m High,Fair 55. Boardwalk to wonder pass. 0.9x2.25,59668,AST_IM_20220808_183542.jpeg,,,Timber,,No,No railings,13.0,,,Timber,,0.9,True,short (<20m),standard (0.9-1.5m),,
data/citywide/images/337/111810/59678__AST_IM_20220808_162354.jpeg,True,111810,337,Boardwalk < 1.2m High,Fair 55. 0.6x7.5,59678,AST_IM_20220808_162354.jpeg,,,Timber,,No,No railings,7.5,,,Timber,,0.6,True,short (<20m),narrow (<0.9m),,
data/citywide/images/337/111813/59627__AST_IM_20220809_080544.jpeg,True,111813,337,Boardwalk < 1.2m High,Poor 38. Boardwalk to windy pass. 0.6x1.7,59627,AST_IM_20220809_080544.jpeg,,,Timber,,No,No railings,1.7,,,Timber,,0.6,True,short (<20m),narrow (<0.9m),,
data/citywide/images/337/111817/59666__AST_IM_20220809_182829.jpeg,True,111817,337,Boardwalk < 1.2m High,0.6x2.2,59666,AST_IM_20220809_182829.jpeg,,,Timber,,No,No railings,2.2,,,Timber,,0.6,True,short (<20m),narrow (<0.9m),,
data/citywide/images/337/111825/59636__AST_IM_20220809_181208.jpeg,True,111825,337,Boardwalk < 1.2m High,Fair 55. Bridge near micro hydro building. 0.9x8.3,59636,AST_IM_20220809_181208.jpeg,,,Timber,,No,No railings,8.3,,,Timber,,0.9,True,short (<20m),standard (0.9-1.5m),,
data/citywide/images/337/112319/60655__AST_IM_20220712_084532.jpeg,True,112319,337,Boardwalk < 1.2m High,boardwalk approach standish lookout. 85% Condition,60655,AST_IM_20220712_084532.jpeg,,,,,,,3.0,,,,,,True,short (<20m),,,
data/citywide/images/337/112326/60599__AST_IM_20220713_093446.jpeg,True,112326,337,Boardwalk < 1.2m High,Condition - 50% - serves its purpose - not a high priority,60599,AST_IM_20220713_093446.jpeg,,,Timber,,No,No railings,3.0,,,Timber,,1.0,True,short (<20m),standard (0.9-1.5m),,
data/citywide/images/337/112326/60627__AST_IM_20220713_093453.jpeg,True,112326,337,Boardwalk < 1.2m High,Condition - 50% - serves its purpose - not a high priority,60627,AST_IM_20220713_093453.jpeg,,,Timber,,No,No railings,3.0,,,Timber,,1.0,True,short (<20m),standard (0.9-1.5m),,
data/citywide/images/337/112579/60954__AST_IM_20220823_104114.jpeg,True,112579,337,Boardwalk < 1.2m High,"old broken and rotted, 3m long",60954,AST_IM_20220823_104114.jpeg,,,,,No,No railings,5.0,,,,,,True,short (<20m),,,
data/citywide/images/337/112580/60958__AST_IM_20220823_105128.jpeg,True,112580,337,Boardwalk < 1.2m High,"boards loose and gap between them, 3m long, metal material on surface",60958,AST_IM_20220823_105128.jpeg,,,,,No,No railings,4.0,,,,,,True,short (<20m),,,
data/citywide/images/337/112582/60956__AST_IM_20220823_105927.jpeg,True,112582,337,Boardwalk < 1.2m High,"old and rotted, 2.5m long, 1m wide, 1990",60956,AST_IM_20220823_105927.jpeg,,,,,No,No railings,100.0,,,,,1.0,True,long (>100m),standard (0.9-1.5m),,
data/citywide/images/337/112587/60948__AST_IM_20220823_110649.jpeg,True,112587,337,Boardwalk < 1.2m High,"old and rotted, 2m long,1m wide, metal material on surface, 1990",60948,AST_IM_20220823_110649.jpeg,,,,,No,No railings,334.0,,,,,1.0,True,long (>100m),standard (0.9-1.5m),,
data/citywide/images/337/112588/60951__AST_IM_20220823_104446.jpeg,True,112588,337,Boardwalk < 1.2m High,"gaps,4m long",60951,AST_IM_20220823_104446.jpeg,,,,,No,No railings,28.0,,,,,,True,medium (20-100m),,,
data/citywide/images/337/112965/61413__AST_IM_20220826_114534.jpeg,True,112965,337,Boardwalk < 1.2m High,6m long wood planks,61413,AST_IM_20220826_114534.jpeg,,,Timber,,No,No railings,1.0,,,Timber,,0.5,True,short (<20m),narrow (<0.9m),,
data/citywide/images/337/113128/61427__AST_IM_20220826_123825.jpeg,True,113128,337,Boardwalk < 1.2m High,"100m from first boardwalk, wood, 1x20",61427,AST_IM_20220826_123825.jpeg,,,Timber,,No,No railings,20.0,,,Timber,,1.0,True,medium (20-100m),standard (0.9-1.5m),,
data/citywide/images/337/113130/61428__AST_IM_20220826_123416.jpeg,True,113130,337,Boardwalk < 1.2m High,"40m from bridge, 1x17, wood",61428,AST_IM_20220826_123416.jpeg,,,Timber,,No,No railings,17.0,,,Timber,,1.0,True,short (<20m),standard (0.9-1.5m),,
data/citywide/images/337/113156/61479__AST_IM_20220826_133933.jpeg,True,113156,337,Boardwalk < 1.2m High,22m condition 75,61479,AST_IM_20220826_133933.jpeg,,,Timber,,No,No railings,22.0,,,Timber,,1.0,True,medium (20-100m),standard (0.9-1.5m),,
data/citywide/images/337/113167/61457__AST_IM_20220826_141858.jpeg,True,113167,337,Boardwalk < 1.2m High,30m boardwalk condition 65,61457,AST_IM_20220826_141858.jpeg,,,Timber,,No,No railings,30.0,,,Timber,,1.0,True,medium (20-100m),standard (0.9-1.5m),,
data/citywide/images/337/114724/87775__AST_EX_20250910_141025.jpeg,True,114724,337,Boardwalk < 1.2m High,Boardwalk,87775,AST_EX_20250910_141025.jpeg,,,Timber,,No,No railings,8.0,,,Timber,,2.0,True,short (<20m),wide (>1.5m),,
data/citywide/images/337/114934/63218__AST_IM_20220915_140012.jpeg,True,114934,337,Boardwalk < 1.2m High,Section 1 | 3.5m long by 1m wide  | 2x6 decking | Combo of 4x6 and 2x6 beams  | Section 2 | Split log .5m wide by 10 long,63218,AST_IM_20220915_140012.jpeg,,,,,No,No railings,13.0,,,Timber,,1.0,True,short (<20m),standard (0.9-1.5m),,
data/citywide/images/337/117015/65052__AST_EX_20230607_114451.jpeg,True,117015,337,Boardwalk < 1.2m High,"Single Board Boardwalk, scored for grip, two anchor points, no hand rails attached. On the slope to the beach",65052,AST_EX_20230607_114451.jpeg,Timber,,Timber,,,,3.7,,,Timber,,0.42,True,short (<20m),narrow (<0.9m),,
data/citywide/images/337/117362/65594__AST_IM_20230721_121031.jpeg,True,117362,337,Boardwalk < 1.2m High,"Boardwalk 2 delapitated, needs replacement . Walkable but hazardous. all wood.",65594,AST_IM_20230721_121031.jpeg,Timber,Beam,Timber,,,No railings,30.0,,,,,3.0,True,medium (20-100m),wide (>1.5m),,
data/citywide/images/337/117362/71513__AST_EX_20240726_142120.jpeg,True,117362,337,Boardwalk < 1.2m High,"Boardwalk 2 delapitated, needs replacement . Walkable but hazardous. all wood.",71513,AST_EX_20240726_142120.jpeg,Timber,Beam,Timber,,,No railings,30.0,,,,,3.0,True,medium (20-100m),wide (>1.5m),,
data/citywide/images/337/117362/71523__AST_EX_20240726_142252.jpeg,True,117362,337,Boardwalk < 1.2m High,"Boardwalk 2 delapitated, needs replacement . Walkable but hazardous. all wood.",71523,AST_EX_20240726_142252.jpeg,Timber,Beam,Timber,,,No railings,30.0,,,,,3.0,True,medium (20-100m),wide (>1.5m),,
data/citywide/images/337/118201/66634__AST_IM_20230927_133359.jpeg,True,118201,337,Boardwalk < 1.2m High,Temporary Aluminum bridge crossing Rum Creek. | Bridge measures 4.5m in length x 60cm wide. An additional 3 150cm sections are chained to tree across bridge.,66634,AST_IM_20230927_133359.jpeg,,,Steel,,,No railings,4.0,,,Aluminum,,0.65,True,short (<20m),narrow (<0.9m),,
data/citywide/images/337/118201/66635__AST_IM_20230927_134417.jpeg,True,118201,337,Boardwalk < 1.2m High,Temporary Aluminum bridge crossing Rum Creek. | Bridge measures 4.5m in length x 60cm wide. An additional 3 150cm sections are chained to tree across bridge.,66635,AST_IM_20230927_134417.jpeg,,,Steel,,,No railings,4.0,,,Aluminum,,0.65,True,short (<20m),narrow (<0.9m),,
data/citywide/images/337/118203/66629__AST_IM_20230928_112712.jpeg,True,118203,337,Boardwalk < 1.2m High,1st Boardwalk from trail head - 50m long x 30cm wide,66629,AST_IM_20230928_112712.jpeg,,Beam,Timber,,,No railings,50.0,,,Timber,,0.3,True,medium (20-100m),narrow (<0.9m),,
data/citywide/images/337/118203/66630__AST_IM_20230928_112650.jpeg,True,118203,337,Boardwalk < 1.2m High,1st Boardwalk from trail head - 50m long x 30cm wide,66630,AST_IM_20230928_112650.jpeg,,Beam,Timber,,,No railings,50.0,,,Timber,,0.3,True,medium (20-100m),narrow (<0.9m),,
data/citywide/images/337/118203/66631__AST_IM_20230928_112636.jpeg,True,118203,337,Boardwalk < 1.2m High,1st Boardwalk from trail head - 50m long x 30cm wide,66631,AST_IM_20230928_112636.jpeg,,Beam,Timber,,,No railings,50.0,,,Timber,,0.3,True,medium (20-100m),narrow (<0.9m),,
data/citywide/images/337/118770/67226__IMG_0198.JPG,True,118770,337,Boardwalk < 1.2m High,boardwalk from main kiosk junction to north shelter - replaced 2023,67226,IMG_0198.JPG,Concrete,,Timber,,No,No railings,40.0,Timber/Wood,,Timber,,1.0,True,medium (20-100m),standard (0.9-1.5m),,
data/citywide/images/337/120298/68574__AST_IM_20240524_110817.jpeg,True,120298,337,Boardwalk < 1.2m High,,68574,AST_IM_20240524_110817.jpeg,,,Timber,,No,,5.0,,,Timber,,1.0,True,short (<20m),standard (0.9-1.5m),,
data/citywide/images/337/120661/69775__AST_IM_20240605_134425.jpeg,True,120661,337,Boardwalk < 1.2m High,5m boardwalk 2 wide,69775,AST_IM_20240605_134425.jpeg,,,Steel,,No,No railings,5.0,,,,,0.5,True,short (<20m),narrow (<0.9m),,
data/citywide/images/337/120662/69784__AST_IM_20240605_125908.jpeg,True,120662,337,Boardwalk < 1.2m High,13m boardwalk. 2 wide.,69784,AST_IM_20240605_125908.jpeg,,,Steel,,No,No railings,13.0,,,Timber,,0.5,True,short (<20m),narrow (<0.9m),,
data/citywide/images/337/120668/69778__AST_IM_20240605_135127.jpeg,True,120668,337,Boardwalk < 1.2m High,3m boardwalk milled log,69778,AST_IM_20240605_135127.jpeg,,,,,No,No railings,3.0,,,,,1.0,True,short (<20m),standard (0.9-1.5m),,
data/citywide/images/337/120674/69786__AST_IM_20240605_123128.jpeg,True,120674,337,Boardwalk < 1.2m High,2m boardwalk,69786,AST_IM_20240605_123128.jpeg,,,Steel,,No,No railings,2.0,,,,,0.25,True,short (<20m),narrow (<0.9m),,
data/citywide/images/337/120675/69781__AST_IM_20240605_131708.jpeg,True,120675,337,Boardwalk < 1.2m High,6m boardwalk. 2 wide.,69781,AST_IM_20240605_131708.jpeg,,,Steel,,No,No railings,6.0,,,Timber,,0.5,True,short (<20m),narrow (<0.9m),,
data/citywide/images/337/120680/69772__AST_IM_20240606_102256.jpeg,True,120680,337,Boardwalk < 1.2m High,6m boardwalk milled logs,69772,AST_IM_20240606_102256.jpeg,,,Steel,,No,No railings,6.0,,,Timber,,0.5,True,short (<20m),narrow (<0.9m),,
data/citywide/images/337/120681/69771__AST_IM_20240606_103254.jpeg,True,120681,337,Boardwalk < 1.2m High,2x 3m boardwalk milled logs over creek,69771,AST_IM_20240606_103254.jpeg,,,Steel,,No,No railings,6.0,,,Timber,,0.5,True,short (<20m),narrow (<0.9m),,
data/citywide/images/337/120689/69765__AST_IM_20240606_130136.jpeg,True,120689,337,Boardwalk < 1.2m High,5m milled log boardwalk,69765,AST_IM_20240606_130136.jpeg,,,Steel,,No,No railings,5.0,,,Timber,,0.5,True,short (<20m),narrow (<0.9m),,
data/citywide/images/337/120690/69768__AST_IM_20240606_133844.jpeg,True,120690,337,Boardwalk < 1.2m High,5m boardwalk milled log,69768,AST_IM_20240606_133844.jpeg,,,,,No,No railings,5.0,,,Timber,,0.25,True,short (<20m),narrow (<0.9m),,
data/citywide/images/337/120692/69792__AST_IM_20240606_110254.jpeg,True,120692,337,Boardwalk < 1.2m High,3m milled log boardwalk,69792,AST_IM_20240606_110254.jpeg,,,Steel,,No,No railings,3.0,,,Timber,,0.5,True,short (<20m),narrow (<0.9m),,
data/citywide/images/337/120732/69892__AST_IM_20240608_141539.jpeg,True,120732,337,Boardwalk < 1.2m High,"10m of 0.4m wide boardwalk in 2 discrete sections separated by only 1m, which should be filled in with boardwalk. Both ends of this boardwalk need to be extended.",69892,AST_IM_20240608_141539.jpeg,,,Timber,,No,No railings,10.0,,,Timber,,0.4,True,short (<20m),narrow (<0.9m),,
data/citywide/images/337/120732/69893__AST_IM_20240608_140703.jpeg,True,120732,337,Boardwalk < 1.2m High,"10m of 0.4m wide boardwalk in 2 discrete sections separated by only 1m, which should be filled in with boardwalk. Both ends of this boardwalk need to be extended.",69893,AST_IM_20240608_140703.jpeg,,,Timber,,No,No railings,10.0,,,Timber,,0.4,True,short (<20m),narrow (<0.9m),,
data/citywide/images/337/121005/70212__AST_IM_20240629_111830.jpeg,True,121005,337,Boardwalk < 1.2m High,"6 discrete sections of boardwalk varying from 5 - 43 meters, with between 1 and 18 meters separating sections.",70212,AST_IM_20240629_111830.jpeg,,,Timber,,No,No railings,118.0,,,Timber,,0.4,True,long (>100m),narrow (<0.9m),,
data/citywide/images/337/121005/70225__AST_IM_20240629_112648.jpeg,True,121005,337,Boardwalk < 1.2m High,"6 discrete sections of boardwalk varying from 5 - 43 meters, with between 1 and 18 meters separating sections.",70225,AST_IM_20240629_112648.jpeg,,,Timber,,No,No railings,118.0,,,Timber,,0.4,True,long (>100m),narrow (<0.9m),,
data/citywide/images/337/121005/70226__AST_IM_20240629_111843.jpeg,True,121005,337,Boardwalk < 1.2m High,"6 discrete sections of boardwalk varying from 5 - 43 meters, with between 1 and 18 meters separating sections.",70226,AST_IM_20240629_111843.jpeg,,,Timber,,No,No railings,118.0,,,Timber,,0.4,True,long (>100m),narrow (<0.9m),,
data/citywide/images/337/121005/70238__AST_IM_20240629_111837.jpeg,True,121005,337,Boardwalk < 1.2m High,"6 discrete sections of boardwalk varying from 5 - 43 meters, with between 1 and 18 meters separating sections.",70238,AST_IM_20240629_111837.jpeg,,,Timber,,No,No railings,118.0,,,Timber,,0.4,True,long (>100m),narrow (<0.9m),,
data/citywide/images/337/121005/70239__AST_IM_20240629_111823.jpeg,True,121005,337,Boardwalk < 1.2m High,"6 discrete sections of boardwalk varying from 5 - 43 meters, with between 1 and 18 meters separating sections.",70239,AST_IM_20240629_111823.jpeg,,,Timber,,No,No railings,118.0,,,Timber,,0.4,True,long (>100m),narrow (<0.9m),,
data/citywide/images/337/121005/70240__AST_IM_20240629_111817.jpeg,True,121005,337,Boardwalk < 1.2m High,"6 discrete sections of boardwalk varying from 5 - 43 meters, with between 1 and 18 meters separating sections.",70240,AST_IM_20240629_111817.jpeg,,,Timber,,No,No railings,118.0,,,Timber,,0.4,True,long (>100m),narrow (<0.9m),,
data/citywide/images/337/121007/70213__AST_IM_20240629_131937.jpeg,True,121007,337,Boardwalk < 1.2m High,4 discrete sections from 3 - 8m long,70213,AST_IM_20240629_131937.jpeg,,,Timber,,No,No railings,23.0,,,Timber,,0.4,True,medium (20-100m),narrow (<0.9m),,
data/citywide/images/337/121007/70222__AST_IM_20240629_132550.jpeg,True,121007,337,Boardwalk < 1.2m High,4 discrete sections from 3 - 8m long,70222,AST_IM_20240629_132550.jpeg,,,Timber,,No,No railings,23.0,,,Timber,,0.4,True,medium (20-100m),narrow (<0.9m),,
data/citywide/images/337/121007/70224__AST_IM_20240629_132559.jpeg,True,121007,337,Boardwalk < 1.2m High,4 discrete sections from 3 - 8m long,70224,AST_IM_20240629_132559.jpeg,,,Timber,,No,No railings,23.0,,,Timber,,0.4,True,medium (20-100m),narrow (<0.9m),,
data/citywide/images/337/121009/70266__AST_IM_20240629_101329.jpeg,True,121009,337,Boardwalk < 1.2m High,"A 7 and a 5 meter stretch of boardwalk separated by 2m, connecting Lookout Trail Staircase 1 to Lookout Trail Staircase 2.",70266,AST_IM_20240629_101329.jpeg,,,Timber,,No,No railings,12.0,,,Timber,,0.5,True,short (<20m),narrow (<0.9m),,
data/citywide/images/337/121009/70267__AST_IM_20240629_101323.jpeg,True,121009,337,Boardwalk < 1.2m High,"A 7 and a 5 meter stretch of boardwalk separated by 2m, connecting Lookout Trail Staircase 1 to Lookout Trail Staircase 2.",70267,AST_IM_20240629_101323.jpeg,,,Timber,,No,No railings,12.0,,,Timber,,0.5,True,short (<20m),narrow (<0.9m),,
data/citywide/images/337/121015/70232__AST_IM_20240629_144931.jpeg,True,121015,337,Boardwalk < 1.2m High,6 discrete sections of boardwalk,70232,AST_IM_20240629_144931.jpeg,,,Timber,,No,No railings,38.0,,,Timber,,0.4,True,medium (20-100m),narrow (<0.9m),,
data/citywide/images/337/121015/70233__AST_IM_20240629_144948.jpeg,True,121015,337,Boardwalk < 1.2m High,6 discrete sections of boardwalk,70233,AST_IM_20240629_144948.jpeg,,,Timber,,No,No railings,38.0,,,Timber,,0.4,True,medium (20-100m),narrow (<0.9m),,
data/citywide/images/337/121015/70249__AST_IM_20240629_144937.jpeg,True,121015,337,Boardwalk < 1.2m High,6 discrete sections of boardwalk,70249,AST_IM_20240629_144937.jpeg,,,Timber,,No,No railings,38.0,,,Timber,,0.4,True,medium (20-100m),narrow (<0.9m),,
data/citywide/images/337/121015/70250__AST_IM_20240629_144943.jpeg,True,121015,337,Boardwalk < 1.2m High,6 discrete sections of boardwalk,70250,AST_IM_20240629_144943.jpeg,,,Timber,,No,No railings,38.0,,,Timber,,0.4,True,medium (20-100m),narrow (<0.9m),,
data/citywide/images/337/121015/70254__AST_IM_20240629_144925.jpeg,True,121015,337,Boardwalk < 1.2m High,6 discrete sections of boardwalk,70254,AST_IM_20240629_144925.jpeg,,,Timber,,No,No railings,38.0,,,Timber,,0.4,True,medium (20-100m),narrow (<0.9m),,
data/citywide/images/337/121015/70255__AST_IM_20240629_144622.jpeg,True,121015,337,Boardwalk < 1.2m High,6 discrete sections of boardwalk,70255,AST_IM_20240629_144622.jpeg,,,Timber,,No,No railings,38.0,,,Timber,,0.4,True,medium (20-100m),narrow (<0.9m),,
data/citywide/images/337/121070/70777__AST_IM_20240709_095816.jpeg,True,121070,337,Boardwalk < 1.2m High,,70777,AST_IM_20240709_095816.jpeg,,,Timber,,No,No railings,2.5,,,Timber,,1.2,True,short (<20m),standard (0.9-1.5m),,
data/citywide/images/337/121577/72067__AST_IM_20240801_134705.jpeg,True,121577,337,Boardwalk < 1.2m High,over seasonal water,72067,AST_IM_20240801_134705.jpeg,,,Timber,,No,No railings,5.0,,,Timber,,1.5,True,short (<20m),wide (>1.5m),,
data/citywide/images/337/121584/72051__AST_IM_20240801_140127.jpeg,True,121584,337,Boardwalk < 1.2m High,3 m long. over creek,72051,AST_IM_20240801_140127.jpeg,,,Timber,,No,No railings,3.0,,,Timber,,,True,short (<20m),,,
data/citywide/images/337/121596/72049__AST_IM_20240803_094049.jpeg,True,121596,337,Boardwalk < 1.2m High,Ripped log decking over creek 5m long 1m wide,72049,AST_IM_20240803_094049.jpeg,,,Timber,,No,No railings,5.0,,,Timber,,1.0,True,short (<20m),standard (0.9-1.5m),,
data/citywide/images/337/121598/71983__AST_IM_20240803_111736.jpeg,True,121598,337,Boardwalk < 1.2m High,2 sections of ripped boards on logs. Both sections approx 7m long with single sipped log ramp on approach,71983,AST_IM_20240803_111736.jpeg,,,Timber,,No,No railings,14.0,,,Timber,,1.0,True,short (<20m),standard (0.9-1.5m),,
data/citywide/images/337/121598/71985__AST_IM_20240803_111652.jpeg,True,121598,337,Boardwalk < 1.2m High,2 sections of ripped boards on logs. Both sections approx 7m long with single sipped log ramp on approach,71985,AST_IM_20240803_111652.jpeg,,,Timber,,No,No railings,14.0,,,Timber,,1.0,True,short (<20m),standard (0.9-1.5m),,
data/citywide/images/337/121598/71991__AST_IM_20240803_111705.jpeg,True,121598,337,Boardwalk < 1.2m High,2 sections of ripped boards on logs. Both sections approx 7m long with single sipped log ramp on approach,71991,AST_IM_20240803_111705.jpeg,,,Timber,,No,No railings,14.0,,,Timber,,1.0,True,short (<20m),standard (0.9-1.5m),,
data/citywide/images/337/121612/72083__MI_20240803_110928.jpg,True,121612,337,Boardwalk < 1.2m High,boardwalk out of split trees  about 18 feet long,72083,MI_20240803_110928.jpg,,,Timber,,No,No railings,5.0,,,Timber,,1.5,True,short (<20m),wide (>1.5m),,
data/citywide/images/337/121670/72312__MI_20240808_155117.jpg,True,121670,337,Boardwalk < 1.2m High,logs put together vertically  about 1 meter long. 11.3k from poland lake camp,72312,MI_20240808_155117.jpg,,,Timber,,No,No railings,1.0,,,Timber,,1.0,True,short (<20m),standard (0.9-1.5m),,
data/citywide/images/337/121676/72307__MI_20240808_104828.jpg,True,121676,337,Boardwalk < 1.2m High,boardwalk about 700m on Poland lake (on right hand side of lake) boardwkn out of sliced logs,72307,MI_20240808_104828.jpg,,,Timber,,No,No railings,2.0,,,Timber,,0.5,True,short (<20m),narrow (<0.9m),,
data/citywide/images/337/121728/72513__AST_IM_20240813_100845.jpeg,True,121728,337,Boardwalk < 1.2m High,Metal lath boardwalk,72513,AST_IM_20240813_100845.jpeg,,,Steel,,No,No railings,12.0,,,Aluminum,,0.3,True,short (<20m),narrow (<0.9m),,
data/citywide/images/337/121731/72500__AST_IM_20240813_103255.jpeg,True,121731,337,Boardwalk < 1.2m High,,72500,AST_IM_20240813_103255.jpeg,,,,,No,No railings,6.0,,,,,0.3,True,short (<20m),narrow (<0.9m),,
data/citywide/images/337/121732/72510__AST_IM_20240813_102339.jpeg,True,121732,337,Boardwalk < 1.2m High,Metal lath boardwalk,72510,AST_IM_20240813_102339.jpeg,,,Steel,,No,No railings,4.5,,,Aluminum,,0.3,True,short (<20m),narrow (<0.9m),,
data/citywide/images/337/121734/72503__AST_IM_20240813_104759.jpeg,True,121734,337,Boardwalk < 1.2m High,,72503,AST_IM_20240813_104759.jpeg,,,,,No,No railings,4.5,,,,,0.3,True,short (<20m),narrow (<0.9m),,
data/citywide/images/337/121737/72501__AST_IM_20240813_103528.jpeg,True,121737,337,Boardwalk < 1.2m High,,72501,AST_IM_20240813_103528.jpeg,,,Steel,,No,No railings,2.75,,,Aluminum,,0.3,True,short (<20m),narrow (<0.9m),,
data/citywide/images/337/121739/72495__AST_IM_20240813_105123.jpeg,True,121739,337,Boardwalk < 1.2m High,,72495,AST_IM_20240813_105123.jpeg,,,Steel,,No,No railings,7.5,,,Aluminum,,0.3,True,short (<20m),narrow (<0.9m),,
data/citywide/images/337/121749/72493__AST_IM_20240813_111145.jpeg,True,121749,337,Boardwalk < 1.2m High,,72493,AST_IM_20240813_111145.jpeg,,,Steel,,No,No railings,1.5,,,Aluminum,,,True,short (<20m),,,
data/citywide/images/337/121776/72630__AST_IM_20240817_115028.jpeg,True,121776,337,Boardwalk < 1.2m High,8*8 12ft long two together over small creek,72630,AST_IM_20240817_115028.jpeg,,,Timber,,No,No railings,12.0,,,Timber,,0.4,True,short (<20m),narrow (<0.9m),,
data/citywide/images/337/121788/72651__AST_IM_20240818_133326.jpeg,True,121788,337,Boardwalk < 1.2m High,,72651,AST_IM_20240818_133326.jpeg,,,Timber,,No,No railings,4.0,,,Timber,,0.5,True,short (<20m),narrow (<0.9m),,
data/citywide/images/337/121790/72648__AST_IM_20240818_140359.jpeg,True,121790,337,Boardwalk < 1.2m High,12ft 2 beam footbridge,72648,AST_IM_20240818_140359.jpeg,,,Timber,,No,No railings,4.0,,,Timber,,0.5,True,short (<20m),narrow (<0.9m),,
data/citywide/images/337/121791/72635__AST_IM_20240818_141352.jpeg,True,121791,337,Boardwalk < 1.2m High,12ft beam boardwalk,72635,AST_IM_20240818_141352.jpeg,,,Timber,,No,No railings,4.0,,,Timber,,0.5,True,short (<20m),narrow (<0.9m),,
data/citywide/images/337/122404/74628__AST_IM_20240926_121529.jpeg,True,122404,337,Boardwalk < 1.2m High,Short boardwalk ~20ft long,74628,AST_IM_20240926_121529.jpeg,,,Timber,,No,No railings,8.0,,,Timber,,1.0,True,short (<20m),standard (0.9-1.5m),,
data/citywide/images/337/122404/76757__Image__34_.jpg,True,122404,337,Boardwalk < 1.2m High,Short boardwalk ~20ft long,76757,Image (34).jpg,,,Timber,,No,No railings,8.0,,,Timber,,1.0,True,short (<20m),standard (0.9-1.5m),,
data/citywide/images/337/122434/74695__AST_IM_20240926_092515.jpeg,True,122434,337,Boardwalk < 1.2m High,Cedar Boardwalk,74695,AST_IM_20240926_092515.jpeg,,,Timber,,No,No railings,2.0,,,Timber,,1.0,True,short (<20m),standard (0.9-1.5m),,
data/citywide/images/337/122752/75718__tet_boardwalk.jpg,True,122752,337,Boardwalk < 1.2m High,made of cedar beams and decking on cement blocks,75718,tet boardwalk.jpg,,,,,,,16.0,,,,,,True,short (<20m),,,
data/citywide/images/337/122831/75885__AST_IM_20241024_104750.jpeg,True,122831,337,Boardwalk < 1.2m High,Nemo trail boardwalk,75885,AST_IM_20241024_104750.jpeg,,,Timber,0.5,No,No railings,2.0,,,Timber,,0.3,True,short (<20m),narrow (<0.9m),medium (0.5-1.2m),
data/citywide/images/337/122831/75891__AST_IM_20241024_104743.jpeg,True,122831,337,Boardwalk < 1.2m High,Nemo trail boardwalk,75891,AST_IM_20241024_104743.jpeg,,,Timber,0.5,No,No railings,2.0,,,Timber,,0.3,True,short (<20m),narrow (<0.9m),medium (0.5-1.2m),
data/citywide/images/337/122833/75876__AST_IM_20241024_123328.jpeg,True,122833,337,Boardwalk < 1.2m High,Cove outhouse boardwalk,75876,AST_IM_20241024_123328.jpeg,,,Timber,,No,No railings,2.0,,,Timber,,0.3,True,short (<20m),narrow (<0.9m),,
data/citywide/images/337/122976/76697__AST_IM_20241022_161651.jpeg,True,122976,337,Boardwalk < 1.2m High,2.5m boardwalk milled log,76697,AST_IM_20241022_161651.jpeg,,,,,No,No railings,2.5,,,Timber,,0.25,True,short (<20m),narrow (<0.9m),,
data/citywide/images/337/123142/77003__AST_IM_20241106_130927.jpeg,True,123142,337,Boardwalk < 1.2m High,20m x 1.22 | 3x8 Fir Deck board | 3 4x6 Fir Stringers,77003,AST_IM_20241106_130927.jpeg,,,Timber,,No,No railings,20.0,,,Timber,,1.22,True,medium (20-100m),standard (0.9-1.5m),,
data/citywide/images/337/123256/77322__AST_IM_20241109_134211.jpeg,True,123256,337,Boardwalk < 1.2m High,,77322,AST_IM_20241109_134211.jpeg,,,Timber,,No,No railings,3.0,,,Timber,,1.0,True,short (<20m),standard (0.9-1.5m),,
data/citywide/images/337/123472/77817__IMG_3009.JPG,True,123472,337,Boardwalk < 1.2m High,"8m x 6', pressure treated dimensional decking on treated pole stringers",77817,IMG_3009.JPG,,,Timber,,Yes,No railings,8.0,,,Timber,,2.0,True,short (<20m),wide (>1.5m),,
data/citywide/images/337/123778/78406__AST_IM_20250117_170015.jpeg,True,123778,337,Boardwalk < 1.2m High,Wood & asphalt,78406,AST_IM_20250117_170015.jpeg,,,Timber,,No,No railings,3.0,,,Timber,,1.0,True,short (<20m),standard (0.9-1.5m),,
data/citywide/images/337/123786/78405__AST_IM_20250117_170648.jpeg,True,123786,337,Boardwalk < 1.2m High,,78405,AST_IM_20250117_170648.jpeg,,,,,No,No railings,4.0,,,Timber,,1.0,True,short (<20m),standard (0.9-1.5m),,
data/citywide/images/337/124739/79493__MI_20250321_162247.jpg,True,124739,337,Boardwalk < 1.2m High,50m boardwalk at the western side of the South Coaster aMTB trail. Boardwalk is slightly elevated off ground to allow for toad passage.,79493,MI_20250321_162247.jpg,,,Timber,,No,No railings,50.0,,,Timber,,1.8,True,medium (20-100m),wide (>1.5m),,
data/citywide/images/337/124741/79498__MI_20250321_162918.jpg,True,124741,337,Boardwalk < 1.2m High,"Small boardwalk crossing over permanent wetted, non-draining area",79498,MI_20250321_162918.jpg,,,Timber,,No,No railings,2.5,,,Timber,,1.8,True,short (<20m),wide (>1.5m),,
data/citywide/images/337/124885/79583__MI_20250403_134332.jpg,True,124885,337,Boardwalk < 1.2m High,boardwalk from parking lot 1 to the pit toilet,79583,MI_20250403_134332.jpg,,,Timber,,Yes,,9.0,,,Timber,,1.8,True,short (<20m),wide (>1.5m),,
data/citywide/images/337/124885/79584__MI_20250403_134407.jpg,True,124885,337,Boardwalk < 1.2m High,boardwalk from parking lot 1 to the pit toilet,79584,MI_20250403_134407.jpg,,,Timber,,Yes,,9.0,,,Timber,,1.8,True,short (<20m),wide (>1.5m),,
data/citywide/images/337/124885/79585__MI_20250403_134320.jpg,True,124885,337,Boardwalk < 1.2m High,boardwalk from parking lot 1 to the pit toilet,79585,MI_20250403_134320.jpg,,,Timber,,Yes,,9.0,,,Timber,,1.8,True,short (<20m),wide (>1.5m),,
data/citywide/images/337/124886/79579__MI_20250403_133828.jpg,True,124886,337,Boardwalk < 1.2m High,40' accessible ramp,79579,MI_20250403_133828.jpg,,,Timber,,No,,12.5,,,Timber,,1.5,True,short (<20m),wide (>1.5m),,
data/citywide/images/337/124886/79580__MI_20250403_133839.jpg,True,124886,337,Boardwalk < 1.2m High,40' accessible ramp,79580,MI_20250403_133839.jpg,,,Timber,,No,,12.5,,,Timber,,1.5,True,short (<20m),wide (>1.5m),,
data/citywide/images/337/124886/79581__MI_20250403_133833.jpg,True,124886,337,Boardwalk < 1.2m High,40' accessible ramp,79581,MI_20250403_133833.jpg,,,Timber,,No,,12.5,,,Timber,,1.5,True,short (<20m),wide (>1.5m),,
data/citywide/images/337/124886/79582__MI_20250403_133823.jpg,True,124886,337,Boardwalk < 1.2m High,40' accessible ramp,79582,MI_20250403_133823.jpg,,,Timber,,No,,12.5,,,Timber,,1.5,True,short (<20m),wide (>1.5m),,
data/citywide/images/337/126159/83432__Picture1.png,True,126159,337,Boardwalk < 1.2m High,"Boardwalk on Coal Creek trail from Roland Neavefts parking lot to access Birch Bluff trail. Location needs to be changed to 51.839037, -120.048908",83432,Picture1.png,,,Timber,1.0,Yes,No railings,12.0,,,Timber,,2.0,True,short (<20m),wide (>1.5m),medium (0.5-1.2m),
data/citywide/images/337/126159/87204__AST_EX_20250827_075635.jpeg,True,126159,337,Boardwalk < 1.2m High,"Boardwalk on Coal Creek trail from Roland Neavefts parking lot to access Birch Bluff trail. Location needs to be changed to 51.839037, -120.048908",87204,AST_EX_20250827_075635.jpeg,,,Timber,1.0,Yes,No railings,12.0,,,Timber,,2.0,True,short (<20m),wide (>1.5m),medium (0.5-1.2m),
data/citywide/images/337/126697/85321__AST_IM_20250715_143910.jpeg,True,126697,337,Boardwalk < 1.2m High,Boardwalk with rotten plank,85321,AST_IM_20250715_143910.jpeg,,,Timber,,No,No railings,7.4,,,,,1.0,True,short (<20m),standard (0.9-1.5m),,
data/citywide/images/337/126789/85672__AST_IM_20250730_110955.jpeg,True,126789,337,Boardwalk < 1.2m High,Wood board walk at beach,85672,AST_IM_20250730_110955.jpeg,,,Timber,,No,No railings,1.38,,,Timber,,1.0,True,short (<20m),standard (0.9-1.5m),,
data/citywide/images/337/126833/85737__AST_IM_20250801_105251.jpeg,True,126833,337,Boardwalk < 1.2m High,"36in wide yellow cedar BW on 12ft 4x4 stringer, 41ft long",85737,AST_IM_20250801_105251.jpeg,,,Timber,,No,No railings,3.5,,,Timber,,1.0,True,short (<20m),standard (0.9-1.5m),,
data/citywide/images/337/126835/85740__AST_IM_20250801_124043.jpeg,True,126835,337,Boardwalk < 1.2m High,12ft 36in? w yellow cedar 4x4 stringers,85740,AST_IM_20250801_124043.jpeg,,,Timber,,No,No railings,4.0,,,Timber,,1.0,True,short (<20m),standard (0.9-1.5m),,
data/citywide/images/337/126836/85734__AST_IM_20250801_124234.jpeg,True,126836,337,Boardwalk < 1.2m High,45ft 36in? w yellow cedar 4x4 stringers,85734,AST_IM_20250801_124234.jpeg,,,Timber,,No,No railings,13.7,,,Timber,,0.9,True,short (<20m),standard (0.9-1.5m),,
data/citywide/images/337/126836/85736__AST_IM_20250801_124225.jpeg,True,126836,337,Boardwalk < 1.2m High,45ft 36in? w yellow cedar 4x4 stringers,85736,AST_IM_20250801_124225.jpeg,,,Timber,,No,No railings,13.7,,,Timber,,0.9,True,short (<20m),standard (0.9-1.5m),,
data/citywide/images/337/126837/85738__AST_IM_20250801_123530.jpeg,True,126837,337,Boardwalk < 1.2m High,12ft 36in? w yellow cedar 4x4 stringers,85738,AST_IM_20250801_123530.jpeg,,,Timber,,No,No railings,3.7,,,Timber,,0.9,True,short (<20m),standard (0.9-1.5m),,
data/citywide/images/337/126839/85735__AST_IM_20250801_124416.jpeg,True,126839,337,Boardwalk < 1.2m High,12ft 36in? w yellow cedar 4x4 stringers,85735,AST_IM_20250801_124416.jpeg,,,Timber,,No,No railings,3.7,,,Timber,,0.9,True,short (<20m),standard (0.9-1.5m),,
data/citywide/images/337/127131/86999__AST_IM_20250801_123914.jpeg,True,127131,337,Boardwalk < 1.2m High,12ftx4ft boardwalk,86999,AST_IM_20250801_123914.jpeg,,,Timber,1.0,No,No railings,4.0,,,Timber,,1.5,True,short (<20m),wide (>1.5m),medium (0.5-1.2m),
data/citywide/images/337/127229/87200__AST_IM_20250826_132258.jpeg,True,127229,337,Boardwalk < 1.2m High,Curved bridge,87200,AST_IM_20250826_132258.jpeg,,,Timber,0.5,No,No railings,10.0,,,,,1.0,True,short (<20m),standard (0.9-1.5m),medium (0.5-1.2m),
data/citywide/images/337/127242/87217__AST_IM_20250823_121947.jpeg,True,127242,337,Boardwalk < 1.2m High,5m long x 3ft wide,87217,AST_IM_20250823_121947.jpeg,Timber,Beam,Timber,1.0,,No railings,5.0,,,Timber,,1.0,True,short (<20m),standard (0.9-1.5m),medium (0.5-1.2m),
data/citywide/images/337/127454/87634__AST_IM_20250826_095941.jpeg,True,127454,337,Boardwalk < 1.2m High,,87634,AST_IM_20250826_095941.jpeg,,,Timber,,No,No railings,2.0,,,,,,True,short (<20m),,,
data/citywide/images/337/127454/87638__AST_IM_20250826_095928.jpeg,True,127454,337,Boardwalk < 1.2m High,,87638,AST_IM_20250826_095928.jpeg,,,Timber,,No,No railings,2.0,,,,,,True,short (<20m),,,
data/citywide/images/337/127458/87636__AST_IM_20250826_095327.jpeg,True,127458,337,Boardwalk < 1.2m High,Telephone pole style,87636,AST_IM_20250826_095327.jpeg,,,Timber,,No,No railings,100.0,,,,,,True,long (>100m),,,
data/citywide/images/337/127459/87632__AST_IM_20250826_102340.jpeg,True,127459,337,Boardwalk < 1.2m High,Pole style,87632,AST_IM_20250826_102340.jpeg,,,Timber,,No,No railings,10.0,,,Timber,,,True,short (<20m),,,
data/citywide/images/337/128637/90567__AST_IM_20251115_124557.jpeg,True,128637,337,Boardwalk < 1.2m High,,90567,AST_IM_20251115_124557.jpeg,,,,,No,No railings,7.0,,,,,,True,short (<20m),,,
data/citywide/images/337/128637/90569__AST_IM_20251115_124606.jpeg,True,128637,337,Boardwalk < 1.2m High,,90569,AST_IM_20251115_124606.jpeg,,,,,No,No railings,7.0,,,,,,True,short (<20m),,,
data/citywide/images/337/128638/90568__AST_IM_20251115_124351.jpeg,True,128638,337,Boardwalk < 1.2m High,,90568,AST_IM_20251115_124351.jpeg,,,,,No,No railings,10.0,,,,,,True,short (<20m),,,
data/citywide/images/337/128638/90570__AST_IM_20251115_124343.jpeg,True,128638,337,Boardwalk < 1.2m High,,90570,AST_IM_20251115_124343.jpeg,,,,,No,No railings,10.0,,,,,,True,short (<20m),,,
data/citywide/images/337/128639/90574__AST_IM_20251115_123650.jpeg,True,128639,337,Boardwalk < 1.2m High,,90574,AST_IM_20251115_123650.jpeg,,,,,No,No railings,12.0,,,,,,True,short (<20m),,,
data/citywide/images/337/128641/90572__AST_IM_20251115_124144.jpeg,True,128641,337,Boardwalk < 1.2m High,,90572,AST_IM_20251115_124144.jpeg,,,,,No,No railings,3.0,,,,,,True,short (<20m),,,
data/citywide/images/337/128875/91015__AST_IM_20251122_095842.jpeg,True,128875,337,Boardwalk < 1.2m High,Near the canoe storage and dock area,91015,AST_IM_20251122_095842.jpeg,,,Timber,,No,No railings,1.0,,,Timber,,0.5,True,short (<20m),narrow (<0.9m),,
data/citywide/images/337/129399/92746__MI_20251218_140044.jpg,True,129399,337,Boardwalk < 1.2m High,,92746,MI_20251218_140044.jpg,,,Timber,1.5,Yes,1 railing,105.0,,,Timber,,1.7,True,long (>100m),wide (>1.5m),high (>1.2m),
data/citywide/images/337/129399/92753__MI_20251218_140040.jpg,True,129399,337,Boardwalk < 1.2m High,,92753,MI_20251218_140040.jpg,,,Timber,1.5,Yes,1 railing,105.0,,,Timber,,1.7,True,long (>100m),wide (>1.5m),high (>1.2m),
data/citywide/images/573/90486/23937__AST_IM_20210922_125304.jpeg,True,90486,573,Boardwalk > 1.2m High,42w x 100m in length.,23937,AST_IM_20210922_125304.jpeg,,,Timber,,No,No railings,100.0,,,Timber,,1.07,True,long (>30m),standard (0.9-1.5m),,
data/citywide/images/573/92846/29442__AST_IM_20211022_155246.jpeg,True,92846,573,Boardwalk > 1.2m High,,29442,AST_IM_20211022_155246.jpeg,,,Timber,,No,No railings,49.0,,,Timber,,1.0,True,long (>30m),standard (0.9-1.5m),,
data/citywide/images/573/92846/29443__AST_IM_20211022_155226.jpeg,True,92846,573,Boardwalk > 1.2m High,,29443,AST_IM_20211022_155226.jpeg,,,Timber,,No,No railings,49.0,,,Timber,,1.0,True,long (>30m),standard (0.9-1.5m),,
data/citywide/images/573/92846/29444__AST_IM_20211022_155214.jpeg,True,92846,573,Boardwalk > 1.2m High,,29444,AST_IM_20211022_155214.jpeg,,,Timber,,No,No railings,49.0,,,Timber,,1.0,True,long (>30m),standard (0.9-1.5m),,
data/citywide/images/573/92846/64069__AST_EX_20221114_140509.jpeg,True,92846,573,Boardwalk > 1.2m High,,64069,AST_EX_20221114_140509.jpeg,,,Timber,,No,No railings,49.0,,,Timber,,1.0,True,long (>30m),standard (0.9-1.5m),,
data/citywide/images/573/96855/36704__emily_lake.jpg,True,96855,573,Boardwalk > 1.2m High,"Emily lake boardwalk, boardwalk to cabin and lake access",36704,emily lake.jpg,,,,,,,50.0,,,,,,True,long (>30m),,,
data/citywide/images/573/100342/83594__AST_EX_20250617_122011.jpeg,True,100342,573,Boardwalk > 1.2m High,"Wooden plank boardwalk connecting gangway to shore, wooden hand rails, 12m long x 1.25m wide on cement support beams attached with corroded metal to wooden base",83594,AST_EX_20250617_122011.jpeg,,,Timber,,No,,12.0,,,Timber,,1.25,True,medium (10-30m),standard (0.9-1.5m),,
data/citywide/images/573/100342/83595__AST_EX_20250617_121751.jpeg,True,100342,573,Boardwalk > 1.2m High,"Wooden plank boardwalk connecting gangway to shore, wooden hand rails, 12m long x 1.25m wide on cement support beams attached with corroded metal to wooden base",83595,AST_EX_20250617_121751.jpeg,,,Timber,,No,,12.0,,,Timber,,1.25,True,medium (10-30m),standard (0.9-1.5m),,
data/citywide/images/573/100342/83596__AST_EX_20250617_121927.jpeg,True,100342,573,Boardwalk > 1.2m High,"Wooden plank boardwalk connecting gangway to shore, wooden hand rails, 12m long x 1.25m wide on cement support beams attached with corroded metal to wooden base",83596,AST_EX_20250617_121927.jpeg,,,Timber,,No,,12.0,,,Timber,,1.25,True,medium (10-30m),standard (0.9-1.5m),,
data/citywide/images/573/100342/83597__AST_EX_20250617_121903.jpeg,True,100342,573,Boardwalk > 1.2m High,"Wooden plank boardwalk connecting gangway to shore, wooden hand rails, 12m long x 1.25m wide on cement support beams attached with corroded metal to wooden base",83597,AST_EX_20250617_121903.jpeg,,,Timber,,No,,12.0,,,Timber,,1.25,True,medium (10-30m),standard (0.9-1.5m),,
data/citywide/images/573/100342/83598__AST_EX_20250617_121832.jpeg,True,100342,573,Boardwalk > 1.2m High,"Wooden plank boardwalk connecting gangway to shore, wooden hand rails, 12m long x 1.25m wide on cement support beams attached with corroded metal to wooden base",83598,AST_EX_20250617_121832.jpeg,,,Timber,,No,,12.0,,,Timber,,1.25,True,medium (10-30m),standard (0.9-1.5m),,
data/citywide/images/573/100342/83599__AST_EX_20250617_121804.jpeg,True,100342,573,Boardwalk > 1.2m High,"Wooden plank boardwalk connecting gangway to shore, wooden hand rails, 12m long x 1.25m wide on cement support beams attached with corroded metal to wooden base",83599,AST_EX_20250617_121804.jpeg,,,Timber,,No,,12.0,,,Timber,,1.25,True,medium (10-30m),standard (0.9-1.5m),,
data/citywide/images/573/100342/83600__AST_EX_20250617_121744.jpeg,True,100342,573,Boardwalk > 1.2m High,"Wooden plank boardwalk connecting gangway to shore, wooden hand rails, 12m long x 1.25m wide on cement support beams attached with corroded metal to wooden base",83600,AST_EX_20250617_121744.jpeg,,,Timber,,No,,12.0,,,Timber,,1.25,True,medium (10-30m),standard (0.9-1.5m),,
data/citywide/images/573/100344/44039__AST_IM_20220601_130929.jpeg,True,100344,573,Boardwalk > 1.2m High,"Aluminum with wooden planks, handrails, 1.5m by 16m",44039,AST_IM_20220601_130929.jpeg,,,Timber,,Yes,,20.0,,,Aluminum,,1.5,True,medium (10-30m),wide (>1.5m),,
data/citywide/images/573/107055/72058__AST_EX_20240803_102604.jpeg,True,107055,573,Boardwalk > 1.2m High,About 3 m long,72058,AST_EX_20240803_102604.jpeg,,,Timber,,No,No railings,8.0,,,Timber,,1.0,True,short (<10m),standard (0.9-1.5m),,
data/citywide/images/573/107064/72029__AST_EX_20240803_082525.jpeg,True,107064,573,Boardwalk > 1.2m High,"heading down grainger from Nicomen. 1.5ft wide, 2m long?",72029,AST_EX_20240803_082525.jpeg,,,Timber,,No,No railings,2.0,,,Timber,,1.0,True,short (<10m),standard (0.9-1.5m),,
data/citywide/images/573/107077/72009__AST_EX_20240803_082257.jpeg,True,107077,573,Boardwalk > 1.2m High,Rotting planks 60,72009,AST_EX_20240803_082257.jpeg,,,Timber,,No,No railings,1.5,,,Timber,,1.0,True,short (<10m),standard (0.9-1.5m),,
data/citywide/images/573/109181/56754__AST_IM_20220722_151133.jpeg,True,109181,573,Boardwalk > 1.2m High,35 feet long 4 feet wide,56754,AST_IM_20220722_151133.jpeg,,,Timber,,No,No railings,12.0,,,,,1.0,True,medium (10-30m),standard (0.9-1.5m),,
data/citywide/images/573/109181/56760__AST_IM_20220722_151204.jpeg,True,109181,573,Boardwalk > 1.2m High,35 feet long 4 feet wide,56760,AST_IM_20220722_151204.jpeg,,,Timber,,No,No railings,12.0,,,,,1.0,True,medium (10-30m),standard (0.9-1.5m),,
data/citywide/images/573/109181/56767__AST_IM_20220722_151123.jpeg,True,109181,573,Boardwalk > 1.2m High,35 feet long 4 feet wide,56767,AST_IM_20220722_151123.jpeg,,,Timber,,No,No railings,12.0,,,,,1.0,True,medium (10-30m),standard (0.9-1.5m),,
data/citywide/images/573/109181/56770__AST_IM_20220722_151157.jpeg,True,109181,573,Boardwalk > 1.2m High,35 feet long 4 feet wide,56770,AST_IM_20220722_151157.jpeg,,,Timber,,No,No railings,12.0,,,,,1.0,True,medium (10-30m),standard (0.9-1.5m),,
data/citywide/images/573/114245/73163__AST_EX_20240830_144901.jpeg,True,114245,573,Boardwalk > 1.2m High,1m long.,73163,AST_EX_20240830_144901.jpeg,,,Timber,,No,No railings,1.0,,,,,1.0,True,short (<10m),standard (0.9-1.5m),,
data/citywide/images/573/117011/65023__AST_IM_20220727_100919.jpeg,True,117011,573,Boardwalk > 1.2m High,trail bridge,65023,AST_IM_20220727_100919.jpeg,Timber,Beam,Timber,,,,8.2,,,Timber,,0.73,True,short (<10m),narrow (<0.9m),,
data/citywide/images/573/117011/65053__AST_EX_20230607_110148.jpeg,True,117011,573,Boardwalk > 1.2m High,trail bridge,65053,AST_EX_20230607_110148.jpeg,Timber,Beam,Timber,,,,8.2,,,Timber,,0.73,True,short (<10m),narrow (<0.9m),,
data/citywide/images/573/117011/65054__AST_EX_20230607_105936.jpeg,True,117011,573,Boardwalk > 1.2m High,trail bridge,65054,AST_EX_20230607_105936.jpeg,Timber,Beam,Timber,,,,8.2,,,Timber,,0.73,True,short (<10m),narrow (<0.9m),,
data/citywide/images/573/117011/65055__AST_EX_20230607_105854.jpeg,True,117011,573,Boardwalk > 1.2m High,trail bridge,65055,AST_EX_20230607_105854.jpeg,Timber,Beam,Timber,,,,8.2,,,Timber,,0.73,True,short (<10m),narrow (<0.9m),,
data/citywide/images/573/117011/65056__AST_EX_20230607_105823.jpeg,True,117011,573,Boardwalk > 1.2m High,trail bridge,65056,AST_EX_20230607_105823.jpeg,Timber,Beam,Timber,,,,8.2,,,Timber,,0.73,True,short (<10m),narrow (<0.9m),,
data/citywide/images/573/122443/74692__AST_IM_20240926_094502.jpeg,True,122443,573,Boardwalk > 1.2m High,Cedar Boardwalk,74692,AST_IM_20240926_094502.jpeg,,,Timber,,No,No railings,1.5,,,Timber,,1.0,True,short (<10m),standard (0.9-1.5m),,
data/citywide/images/573/126795/85653__AST_IM_20250730_114227.jpeg,True,126795,573,Boardwalk > 1.2m High,"1.9m  and 2.2 m segments, supported boardwalks",85653,AST_IM_20250730_114227.jpeg,,,Timber,1.2,No,No railings,4.1,,,Timber,,1.0,True,short (<10m),standard (0.9-1.5m),high (>1.2m),
data/citywide/images/573/126795/85655__AST_IM_20250730_114234.jpeg,True,126795,573,Boardwalk > 1.2m High,"1.9m  and 2.2 m segments, supported boardwalks",85655,AST_IM_20250730_114234.jpeg,,,Timber,1.2,No,No railings,4.1,,,Timber,,1.0,True,short (<10m),standard (0.9-1.5m),high (>1.2m),
data/citywide/images/573/127153/87020__AST_IM_20250819_131014.jpeg,True,127153,573,Boardwalk > 1.2m High,"Stepped boardwalk, some sections are < 1.2 fall height. Mostly less than 1.2",87020,AST_IM_20250819_131014.jpeg,,,Timber,1.2,No,No railings,56.0,,,Timber,,1.2,True,long (>30m),standard (0.9-1.5m),high (>1.2m),
data/citywide/images/573/127153/87023__AST_IM_20250819_131204.jpeg,True,127153,573,Boardwalk > 1.2m High,"Stepped boardwalk, some sections are < 1.2 fall height. Mostly less than 1.2",87023,AST_IM_20250819_131204.jpeg,,,Timber,1.2,No,No railings,56.0,,,Timber,,1.2,True,long (>30m),standard (0.9-1.5m),high (>1.2m),
data/citywide/images/573/127153/87028__AST_IM_20250819_131146.jpeg,True,127153,573,Boardwalk > 1.2m High,"Stepped boardwalk, some sections are < 1.2 fall height. Mostly less than 1.2",87028,AST_IM_20250819_131146.jpeg,,,Timber,1.2,No,No railings,56.0,,,Timber,,1.2,True,long (>30m),standard (0.9-1.5m),high (>1.2m),
data/citywide/images/573/128878/91010__AST_IM_20251122_103839.jpeg,True,128878,573,Boardwalk > 1.2m High,"Cement posts on the ground, Has railing",91010,AST_IM_20251122_103839.jpeg,Concrete,Truss,Timber,2.0,No,,16.0,,,Timber,,1.0,True,medium (10-30m),standard (0.9-1.5m),high (>1.2m),
data/citywide/images/573/128878/91011__AST_IM_20251122_103816.jpeg,True,128878,573,Boardwalk > 1.2m High,"Cement posts on the ground, Has railing",91011,AST_IM_20251122_103816.jpeg,Concrete,Truss,Timber,2.0,No,,16.0,,,Timber,,1.0,True,medium (10-30m),standard (0.9-1.5m),high (>1.2m),
data/citywide/images/573/128878/91012__AST_IM_20251122_103756.jpeg,True,128878,573,Boardwalk > 1.2m High,"Cement posts on the ground, Has railing",91012,AST_IM_20251122_103756.jpeg,Concrete,Truss,Timber,2.0,No,,16.0,,,Timber,,1.0,True,medium (10-30m),standard (0.9-1.5m),high (>1.2m),
data/citywide/images/573/128879/91006__AST_IM_20251122_105002.jpeg,True,128879,573,Boardwalk > 1.2m High,Has railing and a cement base,91006,AST_IM_20251122_105002.jpeg,Concrete,Truss,Timber,1.5,No,,5.0,,,Timber,,2.0,True,short (<10m),wide (>1.5m),high (>1.2m),
data/citywide/images/573/128880/91007__AST_IM_20251122_104657.jpeg,True,128880,573,Boardwalk > 1.2m High,Has railing and a cement base,91007,AST_IM_20251122_104657.jpeg,Concrete,Truss,Timber,1.5,No,,14.0,,,Timber,,1.0,True,medium (10-30m),standard (0.9-1.5m),high (>1.2m),
data/citywide/images/356/46496/92010__AST_EX_20251210_115607.jpeg,True,46496,356,Stairs,Alice Lake South Beach; Additional notes: y; Item description: THREE SETS OF STAIRS; Specifications: FROM PARKING LOTS TO PICNIC AREA STONE CONSTRUCTION ;,92010,AST_EX_20251210_115607.jpeg,,,,,,No railings,37.0,Natural Surface,,,,,True,long (>20m),,,
data/citywide/images/356/46496/92012__AST_EX_20251210_115555.jpeg,True,46496,356,Stairs,Alice Lake South Beach; Additional notes: y; Item description: THREE SETS OF STAIRS; Specifications: FROM PARKING LOTS TO PICNIC AREA STONE CONSTRUCTION ;,92012,AST_EX_20251210_115555.jpeg,,,,,,No railings,37.0,Natural Surface,,,,,True,long (>20m),,,
data/citywide/images/356/51695/34064__IMG_9137.JPG,True,51695,356,Stairs,Ellison Service Area,34064,IMG_9137.JPG,,,,,,No railings,5.0,Concrete,8.0,,At-Grade,,True,medium (5-20m),,,few (<10)
data/citywide/images/356/52621/53759__IMG_3325.JPG,True,52621,356,Stairs,Texas Creek Day Use; Item description: ON VARIOUS PATHS TO BEACH; Comments: GOOD,53759,IMG_3325.JPG,,,,,,No railings,25.0,Timber/Wood,,,,,True,long (>20m),,,
data/citywide/images/356/61846/65355__AST_EX_20230624_135314.jpeg,True,61846,356,Stairs,Ross Lake Day Use; Additional notes: confirmed adequate; Specifications: ROUGH 3X6 WOODEN STAIRS ;,65355,AST_EX_20230624_135314.jpeg,,,,,,No railings,5.0,Timber/Wood,,,,,True,medium (5-20m),,,
data/citywide/images/356/61846/65373__AST_EX_20230624_135453.jpeg,True,61846,356,Stairs,Ross Lake Day Use; Additional notes: confirmed adequate; Specifications: ROUGH 3X6 WOODEN STAIRS ;,65373,AST_EX_20230624_135453.jpeg,,,,,,No railings,5.0,Timber/Wood,,,,,True,medium (5-20m),,,
data/citywide/images/356/61846/65378__AST_EX_20230624_135302.jpeg,True,61846,356,Stairs,Ross Lake Day Use; Additional notes: confirmed adequate; Specifications: ROUGH 3X6 WOODEN STAIRS ;,65378,AST_EX_20230624_135302.jpeg,,,,,,No railings,5.0,Timber/Wood,,,,,True,medium (5-20m),,,
data/citywide/images/337/120684/69764__AST_IM_20240606_103931.jpeg,True,120684,337,Boardwalk < 1.2m High,"5m milled log boardwalk, no need for it",69764,AST_IM_20240606_103931.jpeg,,,Steel,,No,No railings,5.0,,,Timber,,0.25,True,short (<20m),narrow (<0.9m),,
data/citywide/images/356/94307/35247__IMG_0209.JPG,True,94307,356,Stairs,6x6 Cedar box steps,35247,IMG_0209.JPG,,,,,,No railings,15.0,Timber/Wood,,,,,True,medium (5-20m),,,
data/citywide/images/356/107928/55198__AST_IM_20220720_150803.jpeg,True,107928,356,Stairs,"Ground eroding, wood rotten | Condition - 20",55198,AST_IM_20220720_150803.jpeg,,,,,,No railings,3.0,Timber/Wood,,,,,True,short (<5m),,,
data/citywide/images/356/107928/55202__AST_IM_20220720_150752.jpeg,True,107928,356,Stairs,"Ground eroding, wood rotten | Condition - 20",55202,AST_IM_20220720_150752.jpeg,,,,,,No railings,3.0,Timber/Wood,,,,,True,short (<5m),,,
data/citywide/images/356/107929/55184__AST_IM_20220720_152821.jpeg,True,107929,356,Stairs,Rotting away  | Condition - 10,55184,AST_IM_20220720_152821.jpeg,,,,,,No railings,2.0,Timber/Wood,,,,,True,short (<5m),,,
data/citywide/images/356/107931/55186__AST_IM_20220720_150528.jpeg,True,107931,356,Stairs,"7 stairs, but most only have metal rods left, wood is  completely gone in many sections  | Condition - 20",55186,AST_IM_20220720_150528.jpeg,,,,,,No railings,7.0,Timber/Wood,,,,,True,medium (5-20m),,,
data/citywide/images/356/107931/55189__AST_IM_20220720_150539.jpeg,True,107931,356,Stairs,"7 stairs, but most only have metal rods left, wood is  completely gone in many sections  | Condition - 20",55189,AST_IM_20220720_150539.jpeg,,,,,,No railings,7.0,Timber/Wood,,,,,True,medium (5-20m),,,
data/citywide/images/356/107932/55161__AST_IM_20220720_154045.jpeg,True,107932,356,Stairs,"Little bit rotten, better than other ones stairs are visible. Condition 25%  5 stairs in total",55161,AST_IM_20220720_154045.jpeg,,,,,,No railings,5.0,Timber/Wood,,,,,True,medium (5-20m),,,
data/citywide/images/356/107937/55171__AST_IM_20220720_151546.jpeg,True,107937,356,Stairs,Stairs eroding and falling apart | Condition - 20,55171,AST_IM_20220720_151546.jpeg,,,,,,No railings,3.0,Timber/Wood,,,,,True,short (<5m),,,
data/citywide/images/356/107937/55180__AST_IM_20220720_151609.jpeg,True,107937,356,Stairs,Stairs eroding and falling apart | Condition - 20,55180,AST_IM_20220720_151609.jpeg,,,,,,No railings,3.0,Timber/Wood,,,,,True,short (<5m),,,
data/citywide/images/356/107941/55170__AST_IM_20220720_153243.jpeg,True,107941,356,Stairs,"Rotting, rebar sticking out, stairs fully missing  | Condition - 5",55170,AST_IM_20220720_153243.jpeg,,,,,,No railings,3.0,Timber/Wood,,,,,True,short (<5m),,,
data/citywide/images/356/107945/55181__AST_IM_20220720_155326.jpeg,True,107945,356,Stairs,Not super rotten but there is erosion under stairs. Two actual stairs with rebar. Condition 30%,55181,AST_IM_20220720_155326.jpeg,,,,,,No railings,2.0,Timber/Wood,,,,,True,short (<5m),,,
data/citywide/images/356/107947/55142__AST_IM_20220720_160248.jpeg,True,107947,356,Stairs,4 stairs,55142,AST_IM_20220720_160248.jpeg,,,,,,No railings,4.0,Timber/Wood,,,,,True,short (<5m),,,
data/citywide/images/356/107953/55159__AST_IM_20220720_154605.jpeg,True,107953,356,Stairs,,55159,AST_IM_20220720_154605.jpeg,,,,,,,2.0,,,,,,True,short (<5m),,,
data/citywide/images/356/107964/55112__AST_IM_20220720_161140.jpeg,True,107964,356,Stairs,"Bit of erosion, a few rotten steps. Two top steps completely rotten. 4 steps. Condition 10%",55112,AST_IM_20220720_161140.jpeg,,,,,,,4.0,,,,,,True,short (<5m),,,
data/citywide/images/356/107972/55141__AST_IM_20220720_163732.jpeg,True,107972,356,Stairs,Stairs covered in soil and erosion. 3 steps. Condition 15%,55141,AST_IM_20220720_163732.jpeg,,,,,,No railings,3.0,Timber/Wood,,,,,True,short (<5m),,,
data/citywide/images/356/107976/55090__AST_IM_20220720_164356.jpeg,True,107976,356,Stairs,9 steps. 20%. Rotten and eroded beneath,55090,AST_IM_20220720_164356.jpeg,,,,,,,9.0,,,,,,True,medium (5-20m),,,
data/citywide/images/356/107976/55091__AST_IM_20220720_164318.jpeg,True,107976,356,Stairs,9 steps. 20%. Rotten and eroded beneath,55091,AST_IM_20220720_164318.jpeg,,,,,,,9.0,,,,,,True,medium (5-20m),,,
data/citywide/images/356/107981/55155__AST_IM_20220720_154919.jpeg,True,107981,356,Stairs,2 stays a few meters apart and an embankment. Stairs are very rotten 20% and embankment 30%,55155,AST_IM_20220720_154919.jpeg,,,,,,,2.0,,,,,,True,short (<5m),,,
data/citywide/images/356/107981/55156__AST_IM_20220720_154910.jpeg,True,107981,356,Stairs,2 stays a few meters apart and an embankment. Stairs are very rotten 20% and embankment 30%,55156,AST_IM_20220720_154910.jpeg,,,,,,,2.0,,,,,,True,short (<5m),,,
data/citywide/images/356/107981/55168__AST_IM_20220720_154711.jpeg,True,107981,356,Stairs,2 stays a few meters apart and an embankment. Stairs are very rotten 20% and embankment 30%,55168,AST_IM_20220720_154711.jpeg,,,,,,,2.0,,,,,,True,short (<5m),,,
data/citywide/images/356/107985/55095__AST_IM_20220720_161807.jpeg,True,107985,356,Stairs,"Rotten, small and getting covered in soil. 3 steps. Condition 10%",55095,AST_IM_20220720_161807.jpeg,,,,,,,3.0,,,,,,True,short (<5m),,,
data/citywide/images/356/107994/55070__AST_IM_20220720_165009.jpeg,True,107994,356,Stairs,5 steps,55070,AST_IM_20220720_165009.jpeg,,,,,,,5.0,,,,,,True,medium (5-20m),,,
data/citywide/images/356/107994/55088__AST_IM_20220720_165030.jpeg,True,107994,356,Stairs,5 steps,55088,AST_IM_20220720_165030.jpeg,,,,,,,5.0,,,,,,True,medium (5-20m),,,
data/citywide/images/356/108027/55074__AST_IM_20220721_140259.jpeg,True,108027,356,Stairs,7 Log style steps. Pretty rotten but sturdy. 15%,55074,AST_IM_20220721_140259.jpeg,,,,,,,7.0,,,,,,True,medium (5-20m),,,
data/citywide/images/356/108027/55097__AST_IM_20220721_140310.jpeg,True,108027,356,Stairs,7 Log style steps. Pretty rotten but sturdy. 15%,55097,AST_IM_20220721_140310.jpeg,,,,,,,7.0,,,,,,True,medium (5-20m),,,
data/citywide/images/356/108241/88546__AST_EX_20250918_162234.jpeg,True,108241,356,Stairs,Condition 50. Stairs to A frame known as senior ranger station. Some rotting but overall pretty stable.,88546,AST_EX_20250918_162234.jpeg,,,,,,No railings,2.0,Timber/Wood,,,,,True,short (<5m),,,
data/citywide/images/356/108764/56091__AST_IM_20220726_133312.jpeg,True,108764,356,Stairs,9 steps.,56091,AST_IM_20220726_133312.jpeg,,,,,,No railings,9.0,,,,,,True,medium (5-20m),,,
data/citywide/images/356/110087/92001__AST_EX_20251210_120332.jpeg,True,110087,356,Stairs,"8 steps with railing in the middle needs paint, moss and grass growing in the center",92001,AST_EX_20251210_120332.jpeg,,,,,,,5.0,Rock/Stone,,,,,True,medium (5-20m),,,
data/citywide/images/253/46926/55579__IMG_8936.JPG,True,46926,253,Trail Bridge,"STRINGERS 10""X10""X18FT DECKINGROUGH CUT 2X6 3FEET WIDE ;",55579,IMG_8936.JPG,,Beam,Timber,,No,No railings,6.0,Timber/Wood,,Timber,,1.0,True,medium (6-20m),standard (0.9-1.5m),,
data/citywide/images/253/47637/89365__AST_EX_20251010_120542.jpeg,True,47637,253,Trail Bridge,"OVER PHELIX CREEK up from original bridge, GOAT LOOKOUT TRAIL; Specifications: 2X6 PLANKS ON CEDAR LOG. 4X4 POSTS 1/2"" POLY ROPE HANDRAIL",89365,AST_EX_20251010_120542.jpeg,,Beam,Timber,,No,,10.0,Timber/Wood,,Timber,,1.0,True,medium (6-20m),standard (0.9-1.5m),,
data/citywide/images/253/47637/89367__AST_EX_20251010_120124.jpeg,True,47637,253,Trail Bridge,"OVER PHELIX CREEK up from original bridge, GOAT LOOKOUT TRAIL; Specifications: 2X6 PLANKS ON CEDAR LOG. 4X4 POSTS 1/2"" POLY ROPE HANDRAIL",89367,AST_EX_20251010_120124.jpeg,,Beam,Timber,,No,,10.0,Timber/Wood,,Timber,,1.0,True,medium (6-20m),standard (0.9-1.5m),,
data/citywide/images/253/48296/17697__AST_EX_20210823_113827.jpeg,True,48296,253,Trail Bridge,Brandywine Falls Day Use; Additional notes: ZT; Item description: ACROSS BRANDYWINE CREEK; Comments: REPLACEMENT OF OLD STRUCTURE,17697,AST_EX_20210823_113827.jpeg,,Beam,Timber,,Yes,,15.0,Timber/Wood,,Timber,,1.0,True,medium (6-20m),standard (0.9-1.5m),,
data/citywide/images/253/48340/10720__AST_EX_20210805_150953.jpeg,True,48340,253,Trail Bridge,Bridal Veil Falls Day Use,10720,AST_EX_20210805_150953.jpeg,,,Timber,,Yes,No railings,4.0,,,Steel,,1.0,True,short (<6m),standard (0.9-1.5m),,
data/citywide/images/253/48344/10723__AST_EX_20210805_143944.jpeg,True,48344,253,Trail Bridge,"Bridal Veil Falls Day Use; Additional notes: y; Specifications: 4 FOOT BRIDGES, 2.5M X 6M ; Comments: GOOD",10723,AST_EX_20210805_143944.jpeg,,,Timber,,No,,5.0,,,Steel,,1.5,True,short (<6m),wide (>1.5m),,
data/citywide/images/253/49057/52758__AST_EX_20220707_144812.jpeg,True,49057,253,Trail Bridge,Champion Lakes Backcountry; Item description: BRIDGE #3; Specifications: REPLACED 2001 LAKE INLET STEEL I-BEAM CEDAR DECKING RECYCLED PLASTIC SILLS ; Comments: FAIR,52758,AST_EX_20220707_144812.jpeg,Steel,Beam,Timber,,No,No railings,19.0,Metal,,Steel,,0.75,True,medium (6-20m),narrow (<0.9m),,
data/citywide/images/253/49057/52759__AST_EX_20220707_144747.jpeg,True,49057,253,Trail Bridge,Champion Lakes Backcountry; Item description: BRIDGE #3; Specifications: REPLACED 2001 LAKE INLET STEEL I-BEAM CEDAR DECKING RECYCLED PLASTIC SILLS ; Comments: FAIR,52759,AST_EX_20220707_144747.jpeg,Steel,Beam,Timber,,No,No railings,19.0,Metal,,Steel,,0.75,True,medium (6-20m),narrow (<0.9m),,
data/citywide/images/253/49057/52773__AST_EX_20220707_144719.jpeg,True,49057,253,Trail Bridge,Champion Lakes Backcountry; Item description: BRIDGE #3; Specifications: REPLACED 2001 LAKE INLET STEEL I-BEAM CEDAR DECKING RECYCLED PLASTIC SILLS ; Comments: FAIR,52773,AST_EX_20220707_144719.jpeg,Steel,Beam,Timber,,No,No railings,19.0,Metal,,Steel,,0.75,True,medium (6-20m),narrow (<0.9m),,
data/citywide/images/253/49059/52810__AST_EX_20220707_123505.jpeg,True,49059,253,Trail Bridge,"Champion Lakes Backcountry; Item description: BRIDGE #4, REPLACED 2001; Specifications: REPLACED 2002 STEEL I-BEAM RECYCLED PLASTIC SILLS CEDAR DECKING; Comments: FAIR",52810,AST_EX_20220707_123505.jpeg,Timber,Beam,Timber,,No,No railings,5.0,Timber/Wood,,Timber,,1.0,True,short (<6m),standard (0.9-1.5m),,
data/citywide/images/253/49059/52826__AST_EX_20220707_123534.jpeg,True,49059,253,Trail Bridge,"Champion Lakes Backcountry; Item description: BRIDGE #4, REPLACED 2001; Specifications: REPLACED 2002 STEEL I-BEAM RECYCLED PLASTIC SILLS CEDAR DECKING; Comments: FAIR",52826,AST_EX_20220707_123534.jpeg,Timber,Beam,Timber,,No,No railings,5.0,Timber/Wood,,Timber,,1.0,True,short (<6m),standard (0.9-1.5m),,
data/citywide/images/253/49060/52793__AST_EX_20220707_124156.jpeg,True,49060,253,Trail Bridge,"Champion Lakes Backcountry; Item description: BRIDGE #2, REPLACED 2001; Specifications: RECONSTRUCTED 2002 STEEL I-BEAM CEDAR DECKING RECYCLED PLASTIC SILLS; Comments: FAIR",52793,AST_EX_20220707_124156.jpeg,Timber,Beam,Timber,,No,No railings,23.0,Steel,,Steel,,1.0,True,long (>20m),standard (0.9-1.5m),,
data/citywide/images/253/49060/52796__AST_EX_20220707_124145.jpeg,True,49060,253,Trail Bridge,"Champion Lakes Backcountry; Item description: BRIDGE #2, REPLACED 2001; Specifications: RECONSTRUCTED 2002 STEEL I-BEAM CEDAR DECKING RECYCLED PLASTIC SILLS; Comments: FAIR",52796,AST_EX_20220707_124145.jpeg,Timber,Beam,Timber,,No,No railings,23.0,Steel,,Steel,,1.0,True,long (>20m),standard (0.9-1.5m),,
data/citywide/images/253/49060/52797__AST_EX_20220707_124315.jpeg,True,49060,253,Trail Bridge,"Champion Lakes Backcountry; Item description: BRIDGE #2, REPLACED 2001; Specifications: RECONSTRUCTED 2002 STEEL I-BEAM CEDAR DECKING RECYCLED PLASTIC SILLS; Comments: FAIR",52797,AST_EX_20220707_124315.jpeg,Timber,Beam,Timber,,No,No railings,23.0,Steel,,Steel,,1.0,True,long (>20m),standard (0.9-1.5m),,
data/citywide/images/253/49060/52813__AST_EX_20220707_124357.jpeg,True,49060,253,Trail Bridge,"Champion Lakes Backcountry; Item description: BRIDGE #2, REPLACED 2001; Specifications: RECONSTRUCTED 2002 STEEL I-BEAM CEDAR DECKING RECYCLED PLASTIC SILLS; Comments: FAIR",52813,AST_EX_20220707_124357.jpeg,Timber,Beam,Timber,,No,No railings,23.0,Steel,,Steel,,1.0,True,long (>20m),standard (0.9-1.5m),,
data/citywide/images/253/49061/52807__AST_EX_20220707_125637.jpeg,True,49061,253,Trail Bridge,Champion Lakes Backcountry; Item description: REPLACED 2001; Specifications: STEEL I-BEAM CEDAR DECKING RECYCLED PLASTIC SILLS ; Comments: FAIR,52807,AST_EX_20220707_125637.jpeg,Concrete,Beam,Timber,,No,No railings,2.7,Steel,,Steel,,0.75,True,short (<6m),narrow (<0.9m),,
data/citywide/images/253/49061/52809__AST_EX_20220707_125254.jpeg,True,49061,253,Trail Bridge,Champion Lakes Backcountry; Item description: REPLACED 2001; Specifications: STEEL I-BEAM CEDAR DECKING RECYCLED PLASTIC SILLS ; Comments: FAIR,52809,AST_EX_20220707_125254.jpeg,Concrete,Beam,Timber,,No,No railings,2.7,Steel,,Steel,,0.75,True,short (<6m),narrow (<0.9m),,
data/citywide/images/253/49243/51320__AST_EX_20220702_104338.jpeg,True,49243,253,Trail Bridge,Additional notes: Greendrop trail wooden bridge over seasonal creek,51320,AST_EX_20220702_104338.jpeg,Timber,,,,,No railings,2.0,,,,,,True,short (<6m),,,
data/citywide/images/253/50654/73031__AST_EX_20240830_162340.jpeg,True,50654,253,Trail Bridge,Dionisio Point Day Use; Additional notes: Length unknown;,73031,AST_EX_20240830_162340.jpeg,Timber,Beam,Timber,,No,No railings,4.0,Timber/Wood,,Timber,,1.0,True,short (<6m),standard (0.9-1.5m),,
data/citywide/images/253/50654/53275__AST_EX_20220712_124202.jpeg,True,50654,253,Trail Bridge,Dionisio Point Day Use; Additional notes: Length unknown;,53275,AST_EX_20220712_124202.jpeg,Timber,Beam,Timber,,No,No railings,4.0,Timber/Wood,,Timber,,1.0,True,short (<6m),standard (0.9-1.5m),,
data/citywide/images/253/51524/16914__AST_EX_20210820_142024.jpeg,True,51524,253,Trail Bridge,49.5m x 1.4m | Steel Stringer | Expanded Aluminum Decking,16914,AST_EX_20210820_142024.jpeg,Concrete,Beam,Steel,,No,,49.5,Steel,,Steel,,1.4,True,long (>20m),standard (0.9-1.5m),,
data/citywide/images/253/51525/78461__IMG_0050.JPEG,True,51525,253,Trail Bridge,Elk Falls Suspension Bridge,78461,IMG_0050.JPEG,,Suspension,Steel,,No,,56.7,Steel,,Steel,,1.5,True,long (>20m),wide (>1.5m),,
data/citywide/images/253/51525/78462__IMG_0051.JPEG,True,51525,253,Trail Bridge,Elk Falls Suspension Bridge,78462,IMG_0051.JPEG,,Suspension,Steel,,No,,56.7,Steel,,Steel,,1.5,True,long (>20m),wide (>1.5m),,
data/citywide/images/253/51525/16890__AST_EX_20210820_130254.jpeg,True,51525,253,Trail Bridge,Elk Falls Suspension Bridge,16890,AST_EX_20210820_130254.jpeg,,Suspension,Steel,,No,,56.7,Steel,,Steel,,1.5,True,long (>20m),wide (>1.5m),,
data/citywide/images/253/51525/78463__IMG_0052.JPEG,True,51525,253,Trail Bridge,Elk Falls Suspension Bridge,78463,IMG_0052.JPEG,,Suspension,Steel,,No,,56.7,Steel,,Steel,,1.5,True,long (>20m),wide (>1.5m),,
data/citywide/images/253/51531/19731__AST_EX_20210902_150337.jpeg,True,51531,253,Trail Bridge,6.2m x 1.07m | 2x8 Yellow Cedar Decking | Steel I-Beam Stringers | Steel box abutments,19731,AST_EX_20210902_150337.jpeg,Steel,Beam,Timber,,No,,6.2,,,Steel,,1.5,True,medium (6-20m),wide (>1.5m),,
data/citywide/images/253/51531/19733__AST_EX_20210902_150306.jpeg,True,51531,253,Trail Bridge,6.2m x 1.07m | 2x8 Yellow Cedar Decking | Steel I-Beam Stringers | Steel box abutments,19733,AST_EX_20210902_150306.jpeg,Steel,Beam,Timber,,No,,6.2,,,Steel,,1.5,True,medium (6-20m),wide (>1.5m),,
data/citywide/images/253/51531/19734__AST_EX_20210902_150318.jpeg,True,51531,253,Trail Bridge,6.2m x 1.07m | 2x8 Yellow Cedar Decking | Steel I-Beam Stringers | Steel box abutments,19734,AST_EX_20210902_150318.jpeg,Steel,Beam,Timber,,No,,6.2,,,Steel,,1.5,True,medium (6-20m),wide (>1.5m),,
data/citywide/images/253/51531/72728__AST_EX_20240821_110901.jpeg,True,51531,253,Trail Bridge,6.2m x 1.07m | 2x8 Yellow Cedar Decking | Steel I-Beam Stringers | Steel box abutments,72728,AST_EX_20240821_110901.jpeg,Steel,Beam,Timber,,No,,6.2,,,Steel,,1.5,True,medium (6-20m),wide (>1.5m),,
data/citywide/images/253/51531/72729__AST_EX_20240821_110849.jpeg,True,51531,253,Trail Bridge,6.2m x 1.07m | 2x8 Yellow Cedar Decking | Steel I-Beam Stringers | Steel box abutments,72729,AST_EX_20240821_110849.jpeg,Steel,Beam,Timber,,No,,6.2,,,Steel,,1.5,True,medium (6-20m),wide (>1.5m),,
data/citywide/images/253/52457/77956__IMG_3182.jpg,True,52457,253,Trail Bridge,FOOTBRIDGE OVER RING CREEK; metal span and decking with wooden and rope railings. railings left up year-round,77956,IMG_3182.jpg,Concrete,Beam,Aluminum,2.0,No,1 railing,8.0,Aluminum,,,,0.75,True,medium (6-20m),narrow (<0.9m),medium (1.2-5m),
data/citywide/images/253/52551/40680__20220510_131639.jpg,True,52551,253,Trail Bridge,25M WOOD Boardwalk,40680,20220510_131639.jpg,Timber,Beam,Timber,,Yes,,25.0,Timber/Wood,,Timber,,1.0,True,long (>20m),standard (0.9-1.5m),,
data/citywide/images/253/52551/90512__20251112_103203.jpg,True,52551,253,Trail Bridge,25M WOOD Boardwalk,90512,20251112_103203.jpg,Timber,Beam,Timber,,Yes,,25.0,Timber/Wood,,Timber,,1.0,True,long (>20m),standard (0.9-1.5m),,
data/citywide/images/253/52551/90513__20251112_103049.jpg,True,52551,253,Trail Bridge,25M WOOD Boardwalk,90513,20251112_103049.jpg,Timber,Beam,Timber,,Yes,,25.0,Timber/Wood,,Timber,,1.0,True,long (>20m),standard (0.9-1.5m),,
data/citywide/images/253/53193/37279__AST_EX_20220323_104403.jpeg,True,53193,253,Trail Bridge,Mckenzie Bight,37279,AST_EX_20220323_104403.jpeg,,,Timber,,No,,6.0,Timber/Wood,,Timber,,1.0,True,medium (6-20m),standard (0.9-1.5m),,
data/citywide/images/253/53193/37297__AST_EX_20220323_104354.jpeg,True,53193,253,Trail Bridge,Mckenzie Bight,37297,AST_EX_20220323_104354.jpeg,,,Timber,,No,,6.0,Timber/Wood,,Timber,,1.0,True,medium (6-20m),standard (0.9-1.5m),,
data/citywide/images/253/53193/37276__AST_EX_20220323_104428.jpeg,True,53193,253,Trail Bridge,Mckenzie Bight,37276,AST_EX_20220323_104428.jpeg,,,Timber,,No,,6.0,Timber/Wood,,Timber,,1.0,True,medium (6-20m),standard (0.9-1.5m),,
data/citywide/images/253/53798/45354__Upper_Canyon_Bridge__Oct_2021_.jpeg,True,53798,253,Trail Bridge,Upper Canyon Trail Bridge,45354,Upper Canyon Bridge (Oct 2021).jpeg,Gabions,Beam,Timber,,No,,10.7,,,Timber,,1.8,True,medium (6-20m),wide (>1.5m),,
data/citywide/images/253/53986/64713__AST_EX_20230302_102311.jpeg,True,53986,253,Trail Bridge,TIMBER BRIDGE REPLACED WITH ALUMINUM STRUCTURE BRIDGE IN 2006.,64713,AST_EX_20230302_102311.jpeg,Timber,Beam,Timber,,No,,16.5,Aluminum,,Aluminum,,1.5,True,medium (6-20m),wide (>1.5m),,
data/citywide/images/253/54184/87058__AST_EX_20250818_142210.jpeg,True,54184,253,Trail Bridge,Joffre Lakes Backcountry; FOUR BRIDGES ON TRAIL; AT FIRST LAKE 19992BEFORE SECOND LAKE 89 LEVELED SP,87058,AST_EX_20250818_142210.jpeg,,,Timber,,No,No railings,5.0,,,Timber,,1.0,True,short (<6m),standard (0.9-1.5m),,
data/citywide/images/253/54324/61485__AST_EX_20220826_122106.jpeg,True,54324,253,Trail Bridge,LOSS CREEK SUSPENSION BRIDGE; Specifications: 60.9 METRES ;; Suspension,61485,AST_EX_20220826_122106.jpeg,Steel,Suspension,Steel,,Yes,,50.0,Steel,,Steel,,1.0,True,long (>20m),standard (0.9-1.5m),,
data/citywide/images/253/54324/76422__AST_EX_20241024_144751.jpeg,True,54324,253,Trail Bridge,LOSS CREEK SUSPENSION BRIDGE; Specifications: 60.9 METRES ;; Suspension,76422,AST_EX_20241024_144751.jpeg,Steel,Suspension,Steel,,Yes,,50.0,Steel,,Steel,,1.0,True,long (>20m),standard (0.9-1.5m),,
data/citywide/images/253/55640/56110__AST_EX_20220725_115228.jpeg,True,55640,253,Trail Bridge,Woodbury Creek Trail; Additional notes: Length unknown; Item description: REPLACED BRIDGE CROSSING WOODBURY CREEK;,56110,AST_EX_20220725_115228.jpeg,Timber,Truss,Timber,,No,No railings,15.0,Aluminum,,Aluminum,,1.0,True,medium (6-20m),standard (0.9-1.5m),,
data/citywide/images/253/56469/26401__AST_EX_20211013_112159.jpeg,True,56469,253,Trail Bridge,Pedestrian Bridge,26401,AST_EX_20211013_112159.jpeg,Concrete,Beam,Timber,,No,No railings,15.0,Timber/Wood,,Timber,,4.0,True,medium (6-20m),wide (>1.5m),,
data/citywide/images/253/56469/26420__AST_EX_20211013_112134.jpeg,True,56469,253,Trail Bridge,Pedestrian Bridge,26420,AST_EX_20211013_112134.jpeg,Concrete,Beam,Timber,,No,No railings,15.0,Timber/Wood,,Timber,,4.0,True,medium (6-20m),wide (>1.5m),,
data/citywide/images/253/56533/41111__AST_EX_20220512_124053.jpeg,True,56533,253,Trail Bridge,"Lockhart Creek Bc; Item description: ALUMINUM FRAME 2X6 DECKING ; Specifications: 2X6 RAILS, 24FT LONG ;",41111,AST_EX_20220512_124053.jpeg,,Beam,Timber,,No,,16.0,Timber/Wood,,Aluminum,,1.0,True,medium (6-20m),standard (0.9-1.5m),,
data/citywide/images/253/56533/72330__AST_EX_20240811_112412.jpeg,True,56533,253,Trail Bridge,"Lockhart Creek Bc; Item description: ALUMINUM FRAME 2X6 DECKING ; Specifications: 2X6 RAILS, 24FT LONG ;",72330,AST_EX_20240811_112412.jpeg,,Beam,Timber,,No,,16.0,Timber/Wood,,Aluminum,,1.0,True,medium (6-20m),standard (0.9-1.5m),,
data/citywide/images/253/56876/21691__IMG_0687.JPG,True,56876,253,Trail Bridge,"Marble River Trail; Item description: 27 METRES, ESTIMATED COST;",21691,IMG_0687.JPG,Timber,Beam,Timber,,No,No railings,27.0,,,,,1.5,True,long (>20m),wide (>1.5m),,
data/citywide/images/253/56876/76071__s26.jpg,True,56876,253,Trail Bridge,"Marble River Trail; Item description: 27 METRES, ESTIMATED COST;",76071,s26.jpg,Timber,Beam,Timber,,No,No railings,27.0,,,,,1.5,True,long (>20m),wide (>1.5m),,
data/citywide/images/253/57834/61100__AST_EX_20220824_140932.jpeg,True,57834,253,Trail Bridge,Mount Fernie Day Use; Item description: PURCHASED THROUGH SEN WESTERN LTD IN VANCOUVER; Specifications: 4-DEE ENGINEERING LTD OF KELOWNA DID THE DRAWING AND DESIGN WORK INCL. FINAL INSLPECTION;,61100,AST_EX_20220824_140932.jpeg,Steel,Beam,Timber,,No,,7.5,Steel,,Steel,,2.0,True,medium (6-20m),wide (>1.5m),,
data/citywide/images/253/57834/61123__AST_EX_20220824_140905.jpeg,True,57834,253,Trail Bridge,Mount Fernie Day Use; Item description: PURCHASED THROUGH SEN WESTERN LTD IN VANCOUVER; Specifications: 4-DEE ENGINEERING LTD OF KELOWNA DID THE DRAWING AND DESIGN WORK INCL. FINAL INSLPECTION;,61123,AST_EX_20220824_140905.jpeg,Steel,Beam,Timber,,No,,7.5,Steel,,Steel,,2.0,True,medium (6-20m),wide (>1.5m),,
data/citywide/images/253/58162/8038__AST_EX_20210725_145118.jpeg,True,58162,253,Trail Bridge,At Kinney Flats; 4 X 10M Foot Bridges On Trail,8038,AST_EX_20210725_145118.jpeg,Timber,Beam,Steel,,No,,10.0,Metal,,Aluminum,,1.0,True,medium (6-20m),standard (0.9-1.5m),,
data/citywide/images/253/58162/8039__AST_EX_20210725_145107.jpeg,True,58162,253,Trail Bridge,At Kinney Flats; 4 X 10M Foot Bridges On Trail,8039,AST_EX_20210725_145107.jpeg,Timber,Beam,Steel,,No,,10.0,Metal,,Aluminum,,1.0,True,medium (6-20m),standard (0.9-1.5m),,
data/citywide/images/253/58162/8040__AST_EX_20210725_144934.jpeg,True,58162,253,Trail Bridge,At Kinney Flats; 4 X 10M Foot Bridges On Trail,8040,AST_EX_20210725_144934.jpeg,Timber,Beam,Steel,,No,,10.0,Metal,,Aluminum,,1.0,True,medium (6-20m),standard (0.9-1.5m),,
data/citywide/images/253/58955/62377__AST_EX_20220901_170544.jpeg,True,58955,253,Trail Bridge,Nancy Greene Backcountry; Additional notes: Wood bridge; Item description: BRIDGE #2 SOUTH END; Specifications: REBUILT IN 2008 ; Comments: GOOD,62377,AST_EX_20220901_170544.jpeg,Timber,Beam,Timber,,No,No railings,12.3,Timber/Wood,,Timber,,1.2,True,medium (6-20m),standard (0.9-1.5m),,
data/citywide/images/253/61003/88959__AST_EX_20250924_140750.jpeg,True,61003,253,Trail Bridge,"Ming'S Loop; Specifications: #1 16' bridge, 32"" cedar decking, 3""x6"" treated stringers; #2 16' bridge, 30"" cedar decking, 3""x6"" treated stringers, single handrail;",88959,AST_EX_20250924_140750.jpeg,Timber,Beam,Timber,,No,No railings,8.0,Timber/Wood,,Timber,,1.5,True,medium (6-20m),wide (>1.5m),,
data/citywide/images/253/62289/67423__Footbridge_3.jpg,True,62289,253,Trail Bridge,Natural stringer bridge 7m span,67423,Footbridge 3.jpg,,,,,No,,5.0,,,Timber,,,True,short (<6m),,,
data/citywide/images/253/63068/87457__Picture1.jpg,True,63068,253,Trail Bridge,GUNN CREEK TRAIL 6.0 KM BRIDGE; installed 2025. 14.2 m aluminum truss bridge with aluminum guard rails. See notes.,87457,Picture1.jpg,Concrete,Truss,Timber,2.0,Yes,,14.2,,,Aluminum,,1.8,True,medium (6-20m),wide (>1.5m),medium (1.2-5m),
data/citywide/images/253/63597/64987__IMG_0256.JPG,True,63597,253,Trail Bridge,Beggarly Canyon Portage Bridge; Additional notes: CONFIRMED; Specifications: SUSPENSION BRIDGE,64987,IMG_0256.JPG,Concrete,Suspension,Steel,,No,,60.0,Metal,,Steel,,1.0,True,long (>20m),standard (0.9-1.5m),,
data/citywide/images/253/64102/84320__asset64102_approachfromCrestMtn.jpg,True,64102,253,Trail Bridge,"88' LONG BRIDGE3 LOG STINGERS 64' LONG DECKING 58""X8""X2"" RAILINGS 12' RAMP AT BOTH ENDS10U 0292409 5524874; Comments: AT DRUM NARROWS, BRIDGE WAS CONDEMNED IN 2008",84320,asset64102_approachfromCrestMtn.jpg,Concrete,,Timber,2.0,No,,18.0,Timber/Wood,,Timber,,1.0,True,medium (6-20m),standard (0.9-1.5m),medium (1.2-5m),
data/citywide/images/253/64643/47085__AST_EX_20220617_123258.jpeg,True,64643,253,Trail Bridge,32' (8M) ALUMINUM,47085,AST_EX_20220617_123258.jpeg,Timber,Beam,Steel,,Yes,,8.0,Aluminum,,Aluminum,,0.5,True,medium (6-20m),narrow (<0.9m),,
data/citywide/images/253/65609/45623__IMG_0185.JPG,True,65609,253,Trail Bridge,"Leighton Campground; Item description: BRIDGE ACROSS OUTFLOW FOR VIEWING SPAWNERS; concrete slab foot-bridge on concrete block abutments, approx 5m length, 0.5m height with wood handrails",45623,IMG_0185.JPG,Concrete,Beam,Concrete,,No,,6.7,,,Concrete,,1.2,True,medium (6-20m),standard (0.9-1.5m),,
data/citywide/images/253/65609/58058__MI_20220806_163737.jpg,True,65609,253,Trail Bridge,"Leighton Campground; Item description: BRIDGE ACROSS OUTFLOW FOR VIEWING SPAWNERS; concrete slab foot-bridge on concrete block abutments, approx 5m length, 0.5m height with wood handrails",58058,MI_20220806_163737.jpg,Concrete,Beam,Concrete,,No,,6.7,,,Concrete,,1.2,True,medium (6-20m),standard (0.9-1.5m),,
data/citywide/images/253/65609/86901__AST_EX_20250815_135754.jpeg,True,65609,253,Trail Bridge,"Leighton Campground; Item description: BRIDGE ACROSS OUTFLOW FOR VIEWING SPAWNERS; concrete slab foot-bridge on concrete block abutments, approx 5m length, 0.5m height with wood handrails",86901,AST_EX_20250815_135754.jpeg,Concrete,Beam,Concrete,,No,,6.7,,,Concrete,,1.2,True,medium (6-20m),standard (0.9-1.5m),,
data/citywide/images/253/65788/46396__Goat_Creek_Bridge_1.jpg,True,65788,253,Trail Bridge,PTARMIGAN LAKE TRAIL FOOT BRIDGE;  Aluminum gerder bridge; Comments: Updated to the new bridge replaced in 2012 due to floods in 2010,46396,Goat Creek Bridge 1.jpg,Concrete,Beam,Steel,,No,,18.4,,,Aluminum,,1.22,True,medium (6-20m),standard (0.9-1.5m),,
data/citywide/images/253/65788/46397__Goat_Creek_Bridge_2.jpg,True,65788,253,Trail Bridge,PTARMIGAN LAKE TRAIL FOOT BRIDGE;  Aluminum gerder bridge; Comments: Updated to the new bridge replaced in 2012 due to floods in 2010,46397,Goat Creek Bridge 2.jpg,Concrete,Beam,Steel,,No,,18.4,,,Aluminum,,1.22,True,medium (6-20m),standard (0.9-1.5m),,
data/citywide/images/253/65788/46398__Goat_Creek_Bridge_3.jpg,True,65788,253,Trail Bridge,PTARMIGAN LAKE TRAIL FOOT BRIDGE;  Aluminum gerder bridge; Comments: Updated to the new bridge replaced in 2012 due to floods in 2010,46398,Goat Creek Bridge 3.jpg,Concrete,Beam,Steel,,No,,18.4,,,Aluminum,,1.22,True,medium (6-20m),standard (0.9-1.5m),,
data/citywide/images/253/65788/46399__Goat_Creek_Bridge_4.jpg,True,65788,253,Trail Bridge,PTARMIGAN LAKE TRAIL FOOT BRIDGE;  Aluminum gerder bridge; Comments: Updated to the new bridge replaced in 2012 due to floods in 2010,46399,Goat Creek Bridge 4.jpg,Concrete,Beam,Steel,,No,,18.4,,,Aluminum,,1.22,True,medium (6-20m),standard (0.9-1.5m),,
data/citywide/images/253/65788/46400__Goat_Creek_Bridge_6.jpg,True,65788,253,Trail Bridge,PTARMIGAN LAKE TRAIL FOOT BRIDGE;  Aluminum gerder bridge; Comments: Updated to the new bridge replaced in 2012 due to floods in 2010,46400,Goat Creek Bridge 6.jpg,Concrete,Beam,Steel,,No,,18.4,,,Aluminum,,1.22,True,medium (6-20m),standard (0.9-1.5m),,
data/citywide/images/253/65788/46401__Goat_Creek_Bridge_7.jpg,True,65788,253,Trail Bridge,PTARMIGAN LAKE TRAIL FOOT BRIDGE;  Aluminum gerder bridge; Comments: Updated to the new bridge replaced in 2012 due to floods in 2010,46401,Goat Creek Bridge 7.jpg,Concrete,Beam,Steel,,No,,18.4,,,Aluminum,,1.22,True,medium (6-20m),standard (0.9-1.5m),,
data/citywide/images/253/65788/46402__Goat_Creek_Bridge_8.jpg,True,65788,253,Trail Bridge,PTARMIGAN LAKE TRAIL FOOT BRIDGE;  Aluminum gerder bridge; Comments: Updated to the new bridge replaced in 2012 due to floods in 2010,46402,Goat Creek Bridge 8.jpg,Concrete,Beam,Steel,,No,,18.4,,,Aluminum,,1.22,True,medium (6-20m),standard (0.9-1.5m),,
data/citywide/images/253/65788/46403__Goat_Creek_Bridge_9.jpg,True,65788,253,Trail Bridge,PTARMIGAN LAKE TRAIL FOOT BRIDGE;  Aluminum gerder bridge; Comments: Updated to the new bridge replaced in 2012 due to floods in 2010,46403,Goat Creek Bridge 9.jpg,Concrete,Beam,Steel,,No,,18.4,,,Aluminum,,1.22,True,medium (6-20m),standard (0.9-1.5m),,
data/citywide/images/253/65788/46404__Goat_Creek_5.jpg,True,65788,253,Trail Bridge,PTARMIGAN LAKE TRAIL FOOT BRIDGE;  Aluminum gerder bridge; Comments: Updated to the new bridge replaced in 2012 due to floods in 2010,46404,Goat Creek 5.jpg,Concrete,Beam,Steel,,No,,18.4,,,Aluminum,,1.22,True,medium (6-20m),standard (0.9-1.5m),,
data/citywide/images/253/65789/46405__Hotnarko_Suspension_Bridge_Picture_1.jpg,True,65789,253,Trail Bridge,HOTNARKO RIVER SUSPENSION BRIDGE;  CABLE AND METAL DECK ; Comments: CROSSES THE RIVER NEAR THE PARKING LOT AT END OF TOTE ROAD.,46405,Hotnarko Suspension Bridge Picture 1.jpg,Steel,Suspension,Steel,,No,,21.4,,,Steel,,0.63,True,long (>20m),narrow (<0.9m),,
data/citywide/images/253/66920/64861__AST_IM_20220717_132815.jpeg,True,66920,253,Trail Bridge,Sticta Falls Foot Bridge; Sticta Falls Foot Bridge,64861,AST_IM_20220717_132815.jpeg,Timber,Beam,Timber,,No,No railings,9.1,,,Aluminum,,0.9,True,medium (6-20m),standard (0.9-1.5m),,
data/citywide/images/253/67205/38565__AST_EX_20220331_144231.jpeg,True,67205,253,Trail Bridge,West Lake Day Use; Item description: BEAVERLY CREEK BRIDGE; Specifications: 5' WIDE X 28' LONGCONCRETE ABUTMENTSSQUARE TIMBER STRINGERS30CM X 20CM STRINGERS ;,38565,AST_EX_20220331_144231.jpeg,Concrete,Beam,Timber,,Yes,,35.0,Timber/Wood,,Timber,,5.0,True,long (>20m),wide (>1.5m),,
data/citywide/images/253/67205/38570__AST_EX_20220331_144247.jpeg,True,67205,253,Trail Bridge,West Lake Day Use; Item description: BEAVERLY CREEK BRIDGE; Specifications: 5' WIDE X 28' LONGCONCRETE ABUTMENTSSQUARE TIMBER STRINGERS30CM X 20CM STRINGERS ;,38570,AST_EX_20220331_144247.jpeg,Concrete,Beam,Timber,,Yes,,35.0,Timber/Wood,,Timber,,5.0,True,long (>20m),wide (>1.5m),,
data/citywide/images/253/67205/93110__AST_EX_20260422_114842.jpeg,True,67205,253,Trail Bridge,West Lake Day Use; Item description: BEAVERLY CREEK BRIDGE; Specifications: 5' WIDE X 28' LONGCONCRETE ABUTMENTSSQUARE TIMBER STRINGERS30CM X 20CM STRINGERS ;,93110,AST_EX_20260422_114842.jpeg,Concrete,Beam,Timber,,Yes,,35.0,Timber/Wood,,Timber,,5.0,True,long (>20m),wide (>1.5m),,
data/citywide/images/253/67205/93111__AST_EX_20260422_114908.jpeg,True,67205,253,Trail Bridge,West Lake Day Use; Item description: BEAVERLY CREEK BRIDGE; Specifications: 5' WIDE X 28' LONGCONCRETE ABUTMENTSSQUARE TIMBER STRINGERS30CM X 20CM STRINGERS ;,93111,AST_EX_20260422_114908.jpeg,Concrete,Beam,Timber,,Yes,,35.0,Timber/Wood,,Timber,,5.0,True,long (>20m),wide (>1.5m),,
data/citywide/images/253/82270/3556__AST_IM_20210630_143507.jpeg,True,82270,253,Trail Bridge,Trail bridge made of wood and in decent condition.,3556,AST_IM_20210630_143507.jpeg,Timber,Beam,Timber,,No,No railings,6.0,,,Timber,,1.0,True,medium (6-20m),standard (0.9-1.5m),,
data/citywide/images/253/82385/6929__MI_20210705_145854.jpg,True,82385,253,Trail Bridge,At start of Red Bluff trail,6929,MI_20210705_145854.jpg,,Beam,Timber,,,,6.0,,,Timber,,1.0,True,medium (6-20m),standard (0.9-1.5m),,
data/citywide/images/253/83150/6703__MI_20210716_105250.jpg,True,83150,253,Trail Bridge,,6703,MI_20210716_105250.jpg,Timber,Beam,Timber,,,,7.0,,,Timber,,0.5,True,medium (6-20m),narrow (<0.9m),,
data/citywide/images/253/83150/82701__AST_EX_20250525_112831.jpeg,True,83150,253,Trail Bridge,,82701,AST_EX_20250525_112831.jpeg,Timber,Beam,Timber,,,,7.0,,,Timber,,0.5,True,medium (6-20m),narrow (<0.9m),,
data/citywide/images/253/83150/82702__AST_EX_20250525_112857.jpeg,True,83150,253,Trail Bridge,,82702,AST_EX_20250525_112857.jpeg,Timber,Beam,Timber,,,,7.0,,,Timber,,0.5,True,medium (6-20m),narrow (<0.9m),,
data/citywide/images/253/83513/8086__AST_EX_20210727_135155.jpeg,True,83513,253,Trail Bridge,Boardwalk near Whitehorn ranger cabin,8086,AST_EX_20210727_135155.jpeg,Gabions,Beam,Timber,,,No railings,6.0,,,Timber,,1.5,True,medium (6-20m),wide (>1.5m),,
data/citywide/images/253/86525/13953__AST_IM_20210812_112957.jpeg,True,86525,253,Trail Bridge,Trail Bridge # 2 South of Road,13953,AST_IM_20210812_112957.jpeg,Concrete,Truss,Timber,,Yes,,12.1,,,Timber,,0.9,True,medium (6-20m),standard (0.9-1.5m),,
data/citywide/images/253/86599/14048__AST_IM_20210812_112632.jpeg,True,86599,253,Trail Bridge,Trail Bridge # 1 South of Road,14048,AST_IM_20210812_112632.jpeg,Concrete,Truss,Timber,,Yes,,12.1,,,,,0.9,True,medium (6-20m),standard (0.9-1.5m),,
data/citywide/images/253/86599/63268__AST_EX_20220917_124430.jpeg,True,86599,253,Trail Bridge,Trail Bridge # 1 South of Road,63268,AST_EX_20220917_124430.jpeg,Concrete,Truss,Timber,,Yes,,12.1,,,,,0.9,True,medium (6-20m),standard (0.9-1.5m),,
data/citywide/images/253/87188/16460__AST_IM_20210819_133336.jpeg,True,87188,253,Trail Bridge,,16460,AST_IM_20210819_133336.jpeg,,Beam,Timber,,,No railings,1.5,,,Timber,,1.0,True,short (<6m),standard (0.9-1.5m),,
data/citywide/images/253/87483/18402__AST_EX_20210824_133354.jpeg,True,87483,253,Trail Bridge,"Steel stringers, wood planks and railing",18402,AST_EX_20210824_133354.jpeg,Concrete,Beam,Timber,,,,18.0,,,Steel,,1.5,True,medium (6-20m),wide (>1.5m),,
data/citywide/images/253/87483/18403__AST_EX_20210824_133332.jpeg,True,87483,253,Trail Bridge,"Steel stringers, wood planks and railing",18403,AST_EX_20210824_133332.jpeg,Concrete,Beam,Timber,,,,18.0,,,Steel,,1.5,True,medium (6-20m),wide (>1.5m),,
data/citywide/images/253/88133/18905__AST_IM_20210826_132843.jpeg,True,88133,253,Trail Bridge,Over bent creek (no sign),18905,AST_IM_20210826_132843.jpeg,,,,1.85,,No railings,4.6,,,,,,True,short (<6m),,medium (1.2-5m),
data/citywide/images/253/88133/77975__AST_EX_20241206_114443.jpeg,True,88133,253,Trail Bridge,Over bent creek (no sign),77975,AST_EX_20241206_114443.jpeg,,,,1.85,,No railings,4.6,,,,,,True,short (<6m),,medium (1.2-5m),
data/citywide/images/253/88136/18909__AST_IM_20210826_131438.jpeg,True,88136,253,Trail Bridge,Long wooden bridge. 15m. Bent creek bridge,18909,AST_IM_20210826_131438.jpeg,,,,,,No railings,15.0,,,,,,True,medium (6-20m),,,
data/citywide/images/253/88136/77987__AST_EX_20241206_113956.jpeg,True,88136,253,Trail Bridge,Long wooden bridge. 15m. Bent creek bridge,77987,AST_EX_20241206_113956.jpeg,,,,,,No railings,15.0,,,,,,True,medium (6-20m),,,
data/citywide/images/253/88280/72608__AST_EX_20240817_155144.jpeg,True,88280,253,Trail Bridge,18’ long. 2x6 decking on 9 2x12 stringers. Telespar railings with clothesline. Bridge resting on rocks. Hand rail line to be replaced Oct 2021,72608,AST_EX_20240817_155144.jpeg,,,Timber,,,No railings,5.4,,,Timber,,,True,short (<6m),,,
data/citywide/images/253/88733/76383__AST_EX_20241024_112836.jpeg,True,88733,253,Trail Bridge,6.2m x 1.6m | 2x8 Yellow Cedar Decking | Steel I-Beam Stringers | Steel box abutments,76383,AST_EX_20241024_112836.jpeg,Concrete,Beam,Timber,,,,6.2,,,Steel,,1.6,True,medium (6-20m),wide (>1.5m),,
data/citywide/images/253/88280/19215__AST_IM_20210828_133728.jpeg,False,88280,253,Trail Bridge,18’ long. 2x6 decking on 9 2x12 stringers. Telespar railings with clothesline. Bridge resting on rocks. Hand rail line to be replaced Oct 2021,19215,AST_IM_20210828_133728.jpeg,,,Timber,,,No railings,5.4,,,Timber,,,True,short (<6m),,,
data/citywide/images/253/89437/22179__AST_IM_20210918_120140.jpeg,True,89437,253,Trail Bridge,Tops of railings need replacing. Some stringers show signs of cracks.,22179,AST_IM_20210918_120140.jpeg,Timber,Truss,Timber,,,,16.6,,,Timber,,1.15,True,medium (6-20m),standard (0.9-1.5m),,
data/citywide/images/253/89447/22174__AST_IM_20210918_121110.jpeg,True,89447,253,Trail Bridge,8x8 x3 stringers needs handrail.,22174,AST_IM_20210918_121110.jpeg,Timber,Beam,Timber,,,No railings,3.6,,,Timber,,0.6,True,short (<6m),narrow (<0.9m),,
data/citywide/images/253/89450/22183__AST_IM_20210918_115908.jpeg,True,89450,253,Trail Bridge,Fair condition.,22183,AST_IM_20210918_115908.jpeg,Timber,Beam,Timber,,,No railings,3.6,,,Timber,,1.15,True,short (<6m),standard (0.9-1.5m),,
data/citywide/images/253/89580/22595__AST_IM_20210919_104037.jpeg,True,89580,253,Trail Bridge,Good shape needs handrail ,22595,AST_IM_20210919_104037.jpeg,Timber,Beam,Timber,,,No railings,2.3,,,Timber,,1.15,True,short (<6m),standard (0.9-1.5m),,
data/citywide/images/253/89761/22926__AST_IM_20210921_142956.jpeg,True,89761,253,Trail Bridge,3.1m x 1.5 m | 2x8 Red Cedar decking with 4x4 bull bars | 3  4 x 6 Cedar Stringers |Wing Walls 1m 4 x 4 posts,22926,AST_IM_20210921_142956.jpeg,Timber,Beam,Timber,,,No railings,3.0,,,Timber,,1.5,True,short (<6m),wide (>1.5m),,
data/citywide/images/253/89761/22937__AST_IM_20210921_142908.jpeg,True,89761,253,Trail Bridge,3.1m x 1.5 m | 2x8 Red Cedar decking with 4x4 bull bars | 3  4 x 6 Cedar Stringers |Wing Walls 1m 4 x 4 posts,22937,AST_IM_20210921_142908.jpeg,Timber,Beam,Timber,,,No railings,3.0,,,Timber,,1.5,True,short (<6m),wide (>1.5m),,
data/citywide/images/253/89761/22940__AST_IM_20210921_142802.jpeg,True,89761,253,Trail Bridge,3.1m x 1.5 m | 2x8 Red Cedar decking with 4x4 bull bars | 3  4 x 6 Cedar Stringers |Wing Walls 1m 4 x 4 posts,22940,AST_IM_20210921_142802.jpeg,Timber,Beam,Timber,,,No railings,3.0,,,Timber,,1.5,True,short (<6m),wide (>1.5m),,
data/citywide/images/253/89761/22941__AST_IM_20210921_142817.jpeg,True,89761,253,Trail Bridge,3.1m x 1.5 m | 2x8 Red Cedar decking with 4x4 bull bars | 3  4 x 6 Cedar Stringers |Wing Walls 1m 4 x 4 posts,22941,AST_IM_20210921_142817.jpeg,Timber,Beam,Timber,,,No railings,3.0,,,Timber,,1.5,True,short (<6m),wide (>1.5m),,
data/citywide/images/253/89761/77005__AST_EX_20241106_105756.jpeg,True,89761,253,Trail Bridge,3.1m x 1.5 m | 2x8 Red Cedar decking with 4x4 bull bars | 3  4 x 6 Cedar Stringers |Wing Walls 1m 4 x 4 posts,77005,AST_EX_20241106_105756.jpeg,Timber,Beam,Timber,,,No railings,3.0,,,Timber,,1.5,True,short (<6m),wide (>1.5m),,
data/citywide/images/253/89761/77007__AST_EX_20241106_105853.jpeg,True,89761,253,Trail Bridge,3.1m x 1.5 m | 2x8 Red Cedar decking with 4x4 bull bars | 3  4 x 6 Cedar Stringers |Wing Walls 1m 4 x 4 posts,77007,AST_EX_20241106_105853.jpeg,Timber,Beam,Timber,,,No railings,3.0,,,Timber,,1.5,True,short (<6m),wide (>1.5m),,
data/citywide/images/253/90361/23742__AST_IM_20210922_141138.jpeg,True,90361,253,Trail Bridge,Old falling apart bridge,23742,AST_IM_20210922_141138.jpeg,Timber,Beam,Timber,,,No railings,3.0,,,,,1.25,True,short (<6m),standard (0.9-1.5m),,
data/citywide/images/253/89767/23075__AST_IM_20210917_122953.jpeg,False,89767,253,Trail Bridge,"50m bridge over river. Metal wood.  Concrete ,metal beam. Condition ‘non accessible ",23075,AST_IM_20210917_122953.jpeg,Steel,Truss,Steel,,,,50.0,,,Steel,,2.0,True,long (>20m),wide (>1.5m),,
data/citywide/images/253/90408/77386__20241106_122402.jpg,True,90408,253,Trail Bridge,42 wide | I beam | Railing | G Deck rotting,77386,20241106_122402.jpg,Concrete,Beam,Timber,,,,6.0,,,Aluminum,,1.0,True,medium (6-20m),standard (0.9-1.5m),,
data/citywide/images/253/89767/23077__AST_IM_20210917_122936.jpeg,False,89767,253,Trail Bridge,"50m bridge over river. Metal wood.  Concrete ,metal beam. Condition ‘non accessible ",23077,AST_IM_20210917_122936.jpeg,Steel,Truss,Steel,,,,50.0,,,Steel,,2.0,True,long (>20m),wide (>1.5m),,
data/citywide/images/253/90412/77388__20241106_123411.jpg,True,90412,253,Trail Bridge,42 w 15 l | Log bridge | 1 support bent  | Deck good,77388,20241106_123411.jpg,Timber,Beam,Timber,,,,15.0,,,,,1.0,True,medium (6-20m),standard (0.9-1.5m),,
data/citywide/images/253/90412/77389__20241106_123612.jpg,True,90412,253,Trail Bridge,42 w 15 l | Log bridge | 1 support bent  | Deck good,77389,20241106_123612.jpg,Timber,Beam,Timber,,,,15.0,,,,,1.0,True,medium (6-20m),standard (0.9-1.5m),,
data/citywide/images/253/90408/23700__AST_IM_20210922_155129.jpeg,False,90408,253,Trail Bridge,42 wide | I beam | Railing | G Deck rotting,23700,AST_IM_20210922_155129.jpeg,Concrete,Beam,Timber,,,,6.0,,,Aluminum,,1.0,True,medium (6-20m),standard (0.9-1.5m),,
data/citywide/images/253/90412/23701__AST_IM_20210922_160306.jpeg,False,90412,253,Trail Bridge,42 w 15 l | Log bridge | 1 support bent  | Deck good,23701,AST_IM_20210922_160306.jpeg,Timber,Beam,Timber,,,,15.0,,,,,1.0,True,medium (6-20m),standard (0.9-1.5m),,
data/citywide/images/253/91253/74513__AST_EX_20240917_143548.jpeg,True,91253,253,Trail Bridge,Bridge replaced by RST in 2025 - OUTSIDE OF PARK BOUNDARY - REC SITES AND TRAILS BRIDGE. BCP Asset costs only reflects maintenance cost - joint effort to maintain facility.,74513,AST_EX_20240917_143548.jpeg,,,Timber,,,,13.7,,,,,,True,medium (6-20m),,,
data/citywide/images/253/91832/26360__IMG_1112.JPEG,True,91832,253,Trail Bridge,,26360,IMG_1112.JPEG,Timber,Truss,Timber,,,,15.0,,,Timber,,2.0,True,medium (6-20m),wide (>1.5m),,
data/citywide/images/253/92164/56111__AST_EX_20220725_113304.jpeg,True,92164,253,Trail Bridge,X5,56111,AST_EX_20220725_113304.jpeg,Timber,Beam,Timber,,,No railings,3.0,,,Timber,,0.5,True,short (<6m),narrow (<0.9m),,
data/citywide/images/253/92794/29219__AST_IM_20211021_143332.jpeg,True,92794,253,Trail Bridge,Good,29219,AST_IM_20211021_143332.jpeg,Timber,Beam,Timber,,,,2.0,,,Timber,,1.5,True,short (<6m),wide (>1.5m),,
data/citywide/images/253/92801/29224__AST_IM_20211012_113547.jpeg,True,92801,253,Trail Bridge,2.5 m long bridge by 1.5m wide | 80% good,29224,AST_IM_20211012_113547.jpeg,Timber,Beam,Timber,,,No railings,2.5,,,Timber,,1.25,True,short (<6m),standard (0.9-1.5m),,
data/citywide/images/253/92801/55915__AST_EX_20220726_094520.jpeg,True,92801,253,Trail Bridge,2.5 m long bridge by 1.5m wide | 80% good,55915,AST_EX_20220726_094520.jpeg,Timber,Beam,Timber,,,No railings,2.5,,,Timber,,1.25,True,short (<6m),standard (0.9-1.5m),,
data/citywide/images/253/92801/55918__AST_EX_20220726_094541.jpeg,True,92801,253,Trail Bridge,2.5 m long bridge by 1.5m wide | 80% good,55918,AST_EX_20220726_094541.jpeg,Timber,Beam,Timber,,,No railings,2.5,,,Timber,,1.25,True,short (<6m),standard (0.9-1.5m),,
data/citywide/images/253/92854/29466__AST_IM_20211026_111254.jpeg,True,92854,253,Trail Bridge,"Wood deck, steel stringers. 12 feet long by5 feet wide",29466,AST_IM_20211026_111254.jpeg,Concrete,Beam,Timber,,,No railings,5.0,,,Steel,,1.52,True,short (<6m),wide (>1.5m),,
data/citywide/images/253/92854/78656__AST_EX_20250123_152953.jpeg,True,92854,253,Trail Bridge,"Wood deck, steel stringers. 12 feet long by5 feet wide",78656,AST_EX_20250123_152953.jpeg,Concrete,Beam,Timber,,,No railings,5.0,,,Steel,,1.52,True,short (<6m),wide (>1.5m),,
data/citywide/images/253/92854/78659__AST_EX_20250123_153004.jpeg,True,92854,253,Trail Bridge,"Wood deck, steel stringers. 12 feet long by5 feet wide",78659,AST_EX_20250123_153004.jpeg,Concrete,Beam,Timber,,,No railings,5.0,,,Steel,,1.52,True,short (<6m),wide (>1.5m),,
data/citywide/images/253/92854/78660__AST_EX_20250123_153113.jpeg,True,92854,253,Trail Bridge,"Wood deck, steel stringers. 12 feet long by5 feet wide",78660,AST_EX_20250123_153113.jpeg,Concrete,Beam,Timber,,,No railings,5.0,,,Steel,,1.52,True,short (<6m),wide (>1.5m),,
data/citywide/images/253/92854/78661__AST_EX_20250123_153104.jpeg,True,92854,253,Trail Bridge,"Wood deck, steel stringers. 12 feet long by5 feet wide",78661,AST_EX_20250123_153104.jpeg,Concrete,Beam,Timber,,,No railings,5.0,,,Steel,,1.52,True,short (<6m),wide (>1.5m),,
data/citywide/images/253/92854/78662__AST_EX_20250123_152944.jpeg,True,92854,253,Trail Bridge,"Wood deck, steel stringers. 12 feet long by5 feet wide",78662,AST_EX_20250123_152944.jpeg,Concrete,Beam,Timber,,,No railings,5.0,,,Steel,,1.52,True,short (<6m),wide (>1.5m),,
data/citywide/images/253/92854/78664__AST_EX_20250123_152826.jpeg,True,92854,253,Trail Bridge,"Wood deck, steel stringers. 12 feet long by5 feet wide",78664,AST_EX_20250123_152826.jpeg,Concrete,Beam,Timber,,,No railings,5.0,,,Steel,,1.52,True,short (<6m),wide (>1.5m),,
data/citywide/images/253/92872/29477__AST_IM_20211022_120746.jpeg,True,92872,253,Trail Bridge,"13m long bridge, 1m high. Good",29477,AST_IM_20211022_120746.jpeg,Timber,Beam,Timber,,,,13.0,,,Timber,,,True,medium (6-20m),,,
data/citywide/images/253/93036/29706__AST_IM_20211029_125434.jpeg,True,93036,253,Trail Bridge,,29706,AST_IM_20211029_125434.jpeg,Timber,Beam,Timber,,,No railings,3.0,,,Timber,,1.0,True,short (<6m),standard (0.9-1.5m),,
data/citywide/images/253/93038/29700__AST_IM_20211029_141824.jpeg,True,93038,253,Trail Bridge,,29700,AST_IM_20211029_141824.jpeg,Timber,Beam,Timber,,,No railings,4.0,,,Timber,,1.0,True,short (<6m),standard (0.9-1.5m),,
data/citywide/images/253/93043/29697__AST_IM_20211029_132630.jpeg,True,93043,253,Trail Bridge,,29697,AST_IM_20211029_132630.jpeg,Timber,Beam,Timber,,,No railings,4.0,,,Timber,,1.0,True,short (<6m),standard (0.9-1.5m),,
data/citywide/images/253/94177/33072__AST_IM_20211126_123608.jpeg,True,94177,253,Trail Bridge,"2x8, 3 across 12ft long - wood rotting, not to standard.",33072,AST_IM_20211126_123608.jpeg,Timber,,Timber,,,,4.0,,,Timber,,3.0,True,short (<6m),wide (>1.5m),,
data/citywide/images/253/96291/35806__P6110132.JPG,True,96291,253,Trail Bridge,Small bridge from dimensional lumber on trail to portage outhouse,35806,P6110132.JPG,,Beam,Timber,,,No railings,2.0,,,Timber,,1.0,True,short (<6m),standard (0.9-1.5m),,
data/citywide/images/253/96292/35807__P6110130.JPG,True,96292,253,Trail Bridge,Small bridge over drainage by infoshelter. Dimensional lumber.,35807,P6110130.JPG,,Beam,Timber,,,No railings,2.0,,,Timber,,2.0,True,short (<6m),wide (>1.5m),,
data/citywide/images/253/97817/39166__AST_IM_20220412_144940.jpeg,True,97817,253,Trail Bridge,E-team foot bridge 16ft long x3ft wide with 2x handrails and rock gabian,39166,AST_IM_20220412_144940.jpeg,Gabions,,Timber,,,,6.0,,,Timber,,1.0,True,medium (6-20m),standard (0.9-1.5m),,
data/citywide/images/253/97817/39167__AST_IM_20220412_144924.jpeg,True,97817,253,Trail Bridge,E-team foot bridge 16ft long x3ft wide with 2x handrails and rock gabian,39167,AST_IM_20220412_144924.jpeg,Gabions,,Timber,,,,6.0,,,Timber,,1.0,True,medium (6-20m),standard (0.9-1.5m),,
data/citywide/images/253/97817/64949__AST_EX_20230516_133152.jpeg,True,97817,253,Trail Bridge,E-team foot bridge 16ft long x3ft wide with 2x handrails and rock gabian,64949,AST_EX_20230516_133152.jpeg,Gabions,,Timber,,,,6.0,,,Timber,,1.0,True,medium (6-20m),standard (0.9-1.5m),,
data/citywide/images/253/97817/92613__AST_EX_20260217_155044.jpeg,True,97817,253,Trail Bridge,E-team foot bridge 16ft long x3ft wide with 2x handrails and rock gabian,92613,AST_EX_20260217_155044.jpeg,Gabions,,Timber,,,,6.0,,,Timber,,1.0,True,medium (6-20m),standard (0.9-1.5m),,
data/citywide/images/253/98336/40065__Fang_Bridge.jpg,True,98336,253,Trail Bridge,Log bridge with 2x8 decking and hand railing,40065,Fang Bridge.jpg,Timber,Beam,Timber,,,,40.0,,,Timber,,1.3,True,long (>20m),standard (0.9-1.5m),,
data/citywide/images/253/98336/40066__Fang_Bridge_2.jpg,True,98336,253,Trail Bridge,Log bridge with 2x8 decking and hand railing,40066,Fang Bridge 2.jpg,Timber,Beam,Timber,,,,40.0,,,Timber,,1.3,True,long (>20m),standard (0.9-1.5m),,
data/citywide/images/253/98498/40292__AST_IM_20220504_112521.jpeg,True,98498,253,Trail Bridge,VGC,40292,AST_IM_20220504_112521.jpeg,Timber,Beam,Timber,,,,10.0,,,Timber,,1.5,True,medium (6-20m),wide (>1.5m),,
data/citywide/images/253/98531/40392__AST_IM_20220508_132058.jpeg,True,98531,253,Trail Bridge,New bridge 2018. 22 feet approx,40392,AST_IM_20220508_132058.jpeg,Timber,Beam,Timber,,,,7.0,,,,,1.2,True,medium (6-20m),standard (0.9-1.5m),,
data/citywide/images/253/99611/42725__AST_IM_20220518_133647.jpeg,True,99611,253,Trail Bridge,Wooden decking on metal beam stringers - 30 feet long X 4 feet wide (9m x 1.25m) - 2 Wooden handrails - abutment with gabions,42725,AST_IM_20220518_133647.jpeg,Gabions,Beam,Timber,,,,9.0,,,Steel,,1.25,True,medium (6-20m),standard (0.9-1.5m),,
data/citywide/images/253/99611/42728__AST_IM_20220518_133713.jpeg,True,99611,253,Trail Bridge,Wooden decking on metal beam stringers - 30 feet long X 4 feet wide (9m x 1.25m) - 2 Wooden handrails - abutment with gabions,42728,AST_IM_20220518_133713.jpeg,Gabions,Beam,Timber,,,,9.0,,,Steel,,1.25,True,medium (6-20m),standard (0.9-1.5m),,
data/citywide/images/253/99611/78067__AST_EX_20241211_121546.jpeg,True,99611,253,Trail Bridge,Wooden decking on metal beam stringers - 30 feet long X 4 feet wide (9m x 1.25m) - 2 Wooden handrails - abutment with gabions,78067,AST_EX_20241211_121546.jpeg,Gabions,Beam,Timber,,,,9.0,,,Steel,,1.25,True,medium (6-20m),standard (0.9-1.5m),,
data/citywide/images/253/99614/42726__AST_IM_20220518_122843.jpeg,True,99614,253,Trail Bridge,Wooden decking sitting on log stringers - 4ft wide X 30ft long (1.25m x 9.15m) - 2 wooden handrails,42726,AST_IM_20220518_122843.jpeg,Timber,,Timber,,,,9.0,,,Timber,,1.25,True,medium (6-20m),standard (0.9-1.5m),,
data/citywide/images/253/99614/42727__AST_IM_20220518_122654.jpeg,True,99614,253,Trail Bridge,Wooden decking sitting on log stringers - 4ft wide X 30ft long (1.25m x 9.15m) - 2 wooden handrails,42727,AST_IM_20220518_122654.jpeg,Timber,,Timber,,,,9.0,,,Timber,,1.25,True,medium (6-20m),standard (0.9-1.5m),,
data/citywide/images/253/99614/42729__AST_IM_20220518_122712.jpeg,True,99614,253,Trail Bridge,Wooden decking sitting on log stringers - 4ft wide X 30ft long (1.25m x 9.15m) - 2 wooden handrails,42729,AST_IM_20220518_122712.jpeg,Timber,,Timber,,,,9.0,,,Timber,,1.25,True,medium (6-20m),standard (0.9-1.5m),,
data/citywide/images/253/99614/78075__AST_EX_20241211_135900.jpeg,True,99614,253,Trail Bridge,Wooden decking sitting on log stringers - 4ft wide X 30ft long (1.25m x 9.15m) - 2 wooden handrails,78075,AST_EX_20241211_135900.jpeg,Timber,,Timber,,,,9.0,,,Timber,,1.25,True,medium (6-20m),standard (0.9-1.5m),,
data/citywide/images/253/99614/78076__AST_EX_20241211_135846.jpeg,True,99614,253,Trail Bridge,Wooden decking sitting on log stringers - 4ft wide X 30ft long (1.25m x 9.15m) - 2 wooden handrails,78076,AST_EX_20241211_135846.jpeg,Timber,,Timber,,,,9.0,,,Timber,,1.25,True,medium (6-20m),standard (0.9-1.5m),,
data/citywide/images/253/99614/78078__AST_EX_20241211_135756.jpeg,True,99614,253,Trail Bridge,Wooden decking sitting on log stringers - 4ft wide X 30ft long (1.25m x 9.15m) - 2 wooden handrails,78078,AST_EX_20241211_135756.jpeg,Timber,,Timber,,,,9.0,,,Timber,,1.25,True,medium (6-20m),standard (0.9-1.5m),,
data/citywide/images/253/99844/43175__AST_IM_20220527_110127.jpeg,True,99844,253,Trail Bridge,"3 M long foot bridge constructed of wood and metal, has railing. Condition 65",43175,AST_IM_20220527_110127.jpeg,Timber,Beam,Timber,,,,3.0,,,Timber,,1.0,True,short (<6m),standard (0.9-1.5m),,
data/citywide/images/253/100140/63986__AST_EX_20221027_104925.jpeg,True,100140,253,Trail Bridge,,63986,AST_EX_20221027_104925.jpeg,Concrete,Beam,Timber,0.9,,,6.0,,,Timber,,2.5,True,medium (6-20m),wide (>1.5m),low (<1.2m),
data/citywide/images/253/100140/63987__AST_EX_20221027_104858.jpeg,True,100140,253,Trail Bridge,,63987,AST_EX_20221027_104858.jpeg,Concrete,Beam,Timber,0.9,,,6.0,,,Timber,,2.5,True,medium (6-20m),wide (>1.5m),low (<1.2m),
data/citywide/images/253/100140/77910__AST_EX_20241203_155500.jpeg,True,100140,253,Trail Bridge,,77910,AST_EX_20241203_155500.jpeg,Concrete,Beam,Timber,0.9,,,6.0,,,Timber,,2.5,True,medium (6-20m),wide (>1.5m),low (<1.2m),
data/citywide/images/253/100140/77911__AST_EX_20241203_155417.jpeg,True,100140,253,Trail Bridge,,77911,AST_EX_20241203_155417.jpeg,Concrete,Beam,Timber,0.9,,,6.0,,,Timber,,2.5,True,medium (6-20m),wide (>1.5m),low (<1.2m),
data/citywide/images/253/100140/77912__AST_EX_20241203_155411.jpeg,True,100140,253,Trail Bridge,,77912,AST_EX_20241203_155411.jpeg,Concrete,Beam,Timber,0.9,,,6.0,,,Timber,,2.5,True,medium (6-20m),wide (>1.5m),low (<1.2m),
data/citywide/images/253/100140/77918__AST_EX_20241203_155352.jpeg,True,100140,253,Trail Bridge,,77918,AST_EX_20241203_155352.jpeg,Concrete,Beam,Timber,0.9,,,6.0,,,Timber,,2.5,True,medium (6-20m),wide (>1.5m),low (<1.2m),
data/citywide/images/253/100140/91327__AST_EX_20251127_132852.jpeg,True,100140,253,Trail Bridge,,91327,AST_EX_20251127_132852.jpeg,Concrete,Beam,Timber,0.9,,,6.0,,,Timber,,2.5,True,medium (6-20m),wide (>1.5m),low (<1.2m),
data/citywide/images/253/100140/91328__AST_EX_20251127_132943.jpeg,True,100140,253,Trail Bridge,,91328,AST_EX_20251127_132943.jpeg,Concrete,Beam,Timber,0.9,,,6.0,,,Timber,,2.5,True,medium (6-20m),wide (>1.5m),low (<1.2m),
data/citywide/images/253/100181/92612__AST_EX_20260217_155758.jpeg,True,100181,253,Trail Bridge,Condition 75 service 1998 abuttment gabion base wood bridge wood beam length 4m width 1.5m guard rail no hand rail yes access yes trail access no ,92612,AST_EX_20260217_155758.jpeg,Gabions,,Timber,,,,4.0,,,Timber,,1.5,True,short (<6m),wide (>1.5m),,
data/citywide/images/253/100272/92644__AST_EX_20260218_140920.jpeg,True,100272,253,Trail Bridge,"Wooden beam bridge with gabion abutment and handrail, 4m x  1.5m, 2m height",92644,AST_EX_20260218_140920.jpeg,Gabions,Beam,Timber,,,,4.0,,,Timber,,1.5,True,short (<6m),wide (>1.5m),,
data/citywide/images/253/100272/92645__AST_EX_20260218_140858.jpeg,True,100272,253,Trail Bridge,"Wooden beam bridge with gabion abutment and handrail, 4m x  1.5m, 2m height",92645,AST_EX_20260218_140858.jpeg,Gabions,Beam,Timber,,,,4.0,,,Timber,,1.5,True,short (<6m),wide (>1.5m),,
data/citywide/images/253/100347/44047__AST_IM_20220601_123719.jpeg,True,100347,253,Trail Bridge,5 m .5 m long log stringer  1x12 slippery,44047,AST_IM_20220601_123719.jpeg,Timber,Beam,Timber,,,No railings,5.0,,,Timber,,0.5,True,short (<6m),narrow (<0.9m),,
data/citywide/images/253/100347/74872__bridge4.jpg,True,100347,253,Trail Bridge,5 m .5 m long log stringer  1x12 slippery,74872,bridge4.jpg,Timber,Beam,Timber,,,No railings,5.0,,,Timber,,0.5,True,short (<6m),narrow (<0.9m),,
data/citywide/images/253/100348/44046__AST_IM_20220601_123850.jpeg,True,100348,253,Trail Bridge,Log and 1x12 bridge,44046,AST_IM_20220601_123850.jpeg,Timber,Beam,Timber,,,No railings,5.0,,,Timber,,0.5,True,short (<6m),narrow (<0.9m),,
data/citywide/images/253/100348/74867__bridge5.jpg,True,100348,253,Trail Bridge,Log and 1x12 bridge,74867,bridge5.jpg,Timber,Beam,Timber,,,No railings,5.0,,,Timber,,0.5,True,short (<6m),narrow (<0.9m),,
data/citywide/images/253/100446/92627__AST_EX_20260217_152139.jpeg,True,100446,253,Trail Bridge,Condition 70 minor chipping on top handrails. service 1998 gabion with wood beam. Length 3.5m width 1.5m handrails YES access NO route access NO,92627,AST_EX_20260217_152139.jpeg,Gabions,Beam,Timber,,,,3.5,,,Timber,,1.5,True,short (<6m),wide (>1.5m),,
data/citywide/images/253/100446/92628__AST_EX_20260217_152037.jpeg,True,100446,253,Trail Bridge,Condition 70 minor chipping on top handrails. service 1998 gabion with wood beam. Length 3.5m width 1.5m handrails YES access NO route access NO,92628,AST_EX_20260217_152037.jpeg,Gabions,Beam,Timber,,,,3.5,,,Timber,,1.5,True,short (<6m),wide (>1.5m),,
data/citywide/images/253/100475/92624__AST_EX_20260217_152509.jpeg,True,100475,253,Trail Bridge,"trail bridge - old buck trail, 300m south of Baden Powell, wooden frame, wood abutment , 7m long, 1.5m, beam bridge,",92624,AST_EX_20260217_152509.jpeg,Timber,Beam,Timber,,,,7.0,,,Timber,,1.5,True,medium (6-20m),wide (>1.5m),,
data/citywide/images/253/100475/92625__AST_EX_20260217_152448.jpeg,True,100475,253,Trail Bridge,"trail bridge - old buck trail, 300m south of Baden Powell, wooden frame, wood abutment , 7m long, 1.5m, beam bridge,",92625,AST_EX_20260217_152448.jpeg,Timber,Beam,Timber,,,,7.0,,,Timber,,1.5,True,medium (6-20m),wide (>1.5m),,
data/citywide/images/253/100475/92626__AST_EX_20260217_152344.jpeg,True,100475,253,Trail Bridge,"trail bridge - old buck trail, 300m south of Baden Powell, wooden frame, wood abutment , 7m long, 1.5m, beam bridge,",92626,AST_EX_20260217_152344.jpeg,Timber,Beam,Timber,,,,7.0,,,Timber,,1.5,True,medium (6-20m),wide (>1.5m),,
data/citywide/images/253/100751/44505__AST_IM_20220605_121124.jpeg,True,100751,253,Trail Bridge,"Small bridge good condition 90, 1.9m",44505,AST_IM_20220605_121124.jpeg,,,,,,No railings,1.9,,,,,,True,short (<6m),,,
data/citywide/images/253/100752/44501__AST_IM_20220605_122103.jpeg,True,100752,253,Trail Bridge,Good condition | 90 | Approx 7.0m,44501,AST_IM_20220605_122103.jpeg,,,,,,No railings,7.0,,,,,,True,medium (6-20m),,,
data/citywide/images/253/101132/45173__AST_IM_20220607_124950.jpeg,True,101132,253,Trail Bridge,"Wooden trail bridge, 8m long x 1.5 m wide, 1m high, handrails",45173,AST_IM_20220607_124950.jpeg,,Beam,Timber,,,,8.0,,,,,1.5,True,medium (6-20m),wide (>1.5m),,
data/citywide/images/253/101132/78080__AST_EX_20241211_132206.jpeg,True,101132,253,Trail Bridge,"Wooden trail bridge, 8m long x 1.5 m wide, 1m high, handrails",78080,AST_EX_20241211_132206.jpeg,,Beam,Timber,,,,8.0,,,,,1.5,True,medium (6-20m),wide (>1.5m),,
data/citywide/images/253/101132/78085__AST_EX_20241211_132243.jpeg,True,101132,253,Trail Bridge,"Wooden trail bridge, 8m long x 1.5 m wide, 1m high, handrails",78085,AST_EX_20241211_132243.jpeg,,Beam,Timber,,,,8.0,,,,,1.5,True,medium (6-20m),wide (>1.5m),,
data/citywide/images/253/101132/78086__AST_EX_20241211_131833.jpeg,True,101132,253,Trail Bridge,"Wooden trail bridge, 8m long x 1.5 m wide, 1m high, handrails",78086,AST_EX_20241211_131833.jpeg,,Beam,Timber,,,,8.0,,,,,1.5,True,medium (6-20m),wide (>1.5m),,
data/citywide/images/253/101826/45984__AST_IM_20220612_131542.jpeg,True,101826,253,Trail Bridge,"High risk, aluminum suspension bridge anchored with braided steel cables",45984,AST_IM_20220612_131542.jpeg,Timber,Suspension,Steel,,,No railings,23.0,,,Aluminum,,1.3,True,long (>20m),standard (0.9-1.5m),,
data/citywide/images/253/101831/45983__AST_IM_20220612_161720.jpeg,True,101831,253,Trail Bridge,Wooden down ramp crossing stream,45983,AST_IM_20220612_161720.jpeg,,Beam,Timber,,,No railings,4.0,,,,,1.0,True,short (<6m),standard (0.9-1.5m),,
data/citywide/images/253/101890/46058__AST_IM_20220613_105948.jpeg,True,101890,253,Trail Bridge,"wooden bridge with guardrails, no handrails, wood abutment, 9m long, 2.25m wide, 1.5m high",46058,AST_IM_20220613_105948.jpeg,Timber,Beam,Timber,,,No railings,9.0,,,Timber,,2.25,True,medium (6-20m),wide (>1.5m),,
data/citywide/images/253/91253/25316__AST_IM_20211002_124841.jpeg,False,91253,253,Trail Bridge,Bridge replaced by RST in 2025 - OUTSIDE OF PARK BOUNDARY - REC SITES AND TRAILS BRIDGE. BCP Asset costs only reflects maintenance cost - joint effort to maintain facility.,25316,AST_IM_20211002_124841.jpeg,,,Timber,,,,13.7,,,,,,True,medium (6-20m),,,
data/citywide/images/253/102436/46606__AST_IM_20220615_142751.jpeg,True,102436,253,Trail Bridge,"Wooden trail bridge on 2 large logs, 14m long x 1.5m wide, handrails, 4m high, accessible, trail not accessible",46606,AST_IM_20220615_142751.jpeg,Timber,Beam,,,,,14.0,,,,,1.5,True,medium (6-20m),wide (>1.5m),,
data/citywide/images/253/103253/48054__AST_IM_20220620_135551.jpeg,True,103253,253,Trail Bridge,"Railing missing, boards and footing rotten, 1x12m, wood frame and boards, blocked off to public,",48054,AST_IM_20220620_135551.jpeg,,,Timber,,,No railings,12.0,,,,,1.0,True,medium (6-20m),standard (0.9-1.5m),,
data/citywide/images/253/103256/48053__AST_IM_20220620_140345.jpeg,True,103256,253,Trail Bridge,"1x7m, trestle style, wood frame and boards, railing, usual wear and tare",48053,AST_IM_20220620_140345.jpeg,,Truss,Timber,,,No railings,7.0,,,Timber,,1.0,True,medium (6-20m),standard (0.9-1.5m),,
data/citywide/images/253/105449/51292__AST_IM_20220702_130802.jpeg,True,105449,253,Trail Bridge,New 2021. 22 feet. Wood stringers wood abutments 9/10,51292,AST_IM_20220702_130802.jpeg,Timber,Beam,Timber,,,No railings,7.0,,,Timber,,1.0,True,medium (6-20m),standard (0.9-1.5m),,
data/citywide/images/253/105449/75971__AST_EX_20241022_160247.jpeg,True,105449,253,Trail Bridge,New 2021. 22 feet. Wood stringers wood abutments 9/10,75971,AST_EX_20241022_160247.jpeg,Timber,Beam,Timber,,,No railings,7.0,,,Timber,,1.0,True,medium (6-20m),standard (0.9-1.5m),,
data/citywide/images/253/106027/52811__AST_IM_20220707_112124.jpeg,True,106027,253,Trail Bridge,Fair 55. Trail bridge on first lake trail. Log beams,52811,AST_IM_20220707_112124.jpeg,Timber,Beam,Timber,,,No railings,5.0,,,Timber,,0.75,True,short (<6m),narrow (<0.9m),,
data/citywide/images/253/106027/52819__AST_IM_20220707_112144.jpeg,True,106027,253,Trail Bridge,Fair 55. Trail bridge on first lake trail. Log beams,52819,AST_IM_20220707_112144.jpeg,Timber,Beam,Timber,,,No railings,5.0,,,Timber,,0.75,True,short (<6m),narrow (<0.9m),,
data/citywide/images/253/106030/52754__AST_IM_20220707_142600.jpeg,True,106030,253,Trail Bridge, 63 m long. Wood,52754,AST_IM_20220707_142600.jpeg,Timber,Beam,Timber,,,No railings,63.0,,,Timber,,0.75,True,long (>20m),narrow (<0.9m),,
data/citywide/images/253/106030/52760__AST_IM_20220707_142520.jpeg,True,106030,253,Trail Bridge, 63 m long. Wood,52760,AST_IM_20220707_142520.jpeg,Timber,Beam,Timber,,,No railings,63.0,,,Timber,,0.75,True,long (>20m),narrow (<0.9m),,
data/citywide/images/253/106030/52771__AST_IM_20220707_142649.jpeg,True,106030,253,Trail Bridge, 63 m long. Wood,52771,AST_IM_20220707_142649.jpeg,Timber,Beam,Timber,,,No railings,63.0,,,Timber,,0.75,True,long (>20m),narrow (<0.9m),,
data/citywide/images/253/106045/52780__AST_IM_20220707_133132.jpeg,True,106045,253,Trail Bridge,,52780,AST_IM_20220707_133132.jpeg,Timber,Beam,Timber,,,No railings,15.0,,,Timber,,0.75,True,medium (6-20m),narrow (<0.9m),,
data/citywide/images/253/106045/52785__AST_IM_20220707_133209.jpeg,True,106045,253,Trail Bridge,,52785,AST_IM_20220707_133209.jpeg,Timber,Beam,Timber,,,No railings,15.0,,,Timber,,0.75,True,medium (6-20m),narrow (<0.9m),,
data/citywide/images/253/106045/52804__AST_IM_20220707_133147.jpeg,True,106045,253,Trail Bridge,,52804,AST_IM_20220707_133147.jpeg,Timber,Beam,Timber,,,No railings,15.0,,,Timber,,0.75,True,medium (6-20m),narrow (<0.9m),,
data/citywide/images/253/106273/53071__AST_IM_20220709_124316.jpeg,True,106273,253,Trail Bridge,"Condition 60, wood bridge on wood beams, no rail, 2.45-1.78, moss rot, lots of debris",53071,AST_IM_20220709_124316.jpeg,Timber,Beam,Timber,,,No railings,2.45,,,Timber,,1.48,True,short (<6m),standard (0.9-1.5m),,
data/citywide/images/253/106920/53986__AST_IM_20220714_154257.jpeg,True,106920,253,Trail Bridge,"4x1m, wood with shingle on top,",53986,AST_IM_20220714_154257.jpeg,,,Timber,,,No railings,4.0,,,Timber,,1.0,True,short (<6m),standard (0.9-1.5m),,
data/citywide/images/253/106925/53988__AST_IM_20220714_144327.jpeg,True,106925,253,Trail Bridge,"3mx1m, wood with shingle material,",53988,AST_IM_20220714_144327.jpeg,,,Timber,,,No railings,3.0,,,Timber,,1.0,True,short (<6m),standard (0.9-1.5m),,
data/citywide/images/253/107041/54076__AST_IM_20220715_085607.jpeg,True,107041,253,Trail Bridge,"Bridges over bog, structurally sound, with  tilt and loose boards & wood warp -50",54076,AST_IM_20220715_085607.jpeg,,,Timber,,No,No railings,15.0,,,Timber,,1.0,True,medium (6-20m),standard (0.9-1.5m),,
data/citywide/images/253/107058/54074__AST_IM_20220715_144749.jpeg,True,107058,253,Trail Bridge,"Repaired, busted hand Rail some insecure planks. 60",54074,AST_IM_20220715_144749.jpeg,,,Timber,,No,No railings,10.0,,,,,1.0,True,medium (6-20m),standard (0.9-1.5m),,
data/citywide/images/253/107058/71981__AST_EX_20240803_103525.jpeg,True,107058,253,Trail Bridge,"Repaired, busted hand Rail some insecure planks. 60",71981,AST_EX_20240803_103525.jpeg,,,Timber,,No,No railings,10.0,,,,,1.0,True,medium (6-20m),standard (0.9-1.5m),,
data/citywide/images/253/107058/71992__AST_EX_20240803_103617.jpeg,True,107058,253,Trail Bridge,"Repaired, busted hand Rail some insecure planks. 60",71992,AST_EX_20240803_103617.jpeg,,,Timber,,No,No railings,10.0,,,,,1.0,True,medium (6-20m),standard (0.9-1.5m),,
data/citywide/images/253/107058/71993__AST_EX_20240803_103650.jpeg,True,107058,253,Trail Bridge,"Repaired, busted hand Rail some insecure planks. 60",71993,AST_EX_20240803_103650.jpeg,,,Timber,,No,No railings,10.0,,,,,1.0,True,medium (6-20m),standard (0.9-1.5m),,
data/citywide/images/253/107058/71995__AST_EX_20240803_103411.jpeg,True,107058,253,Trail Bridge,"Repaired, busted hand Rail some insecure planks. 60",71995,AST_EX_20240803_103411.jpeg,,,Timber,,No,No railings,10.0,,,,,1.0,True,medium (6-20m),standard (0.9-1.5m),,
data/citywide/images/253/107058/71996__AST_EX_20240803_103342.jpeg,True,107058,253,Trail Bridge,"Repaired, busted hand Rail some insecure planks. 60",71996,AST_EX_20240803_103342.jpeg,,,Timber,,No,No railings,10.0,,,,,1.0,True,medium (6-20m),standard (0.9-1.5m),,
data/citywide/images/253/107058/72001__AST_EX_20240803_103556.jpeg,True,107058,253,Trail Bridge,"Repaired, busted hand Rail some insecure planks. 60",72001,AST_EX_20240803_103556.jpeg,,,Timber,,No,No railings,10.0,,,,,1.0,True,medium (6-20m),standard (0.9-1.5m),,
data/citywide/images/253/107058/72005__AST_EX_20240803_103453.jpeg,True,107058,253,Trail Bridge,"Repaired, busted hand Rail some insecure planks. 60",72005,AST_EX_20240803_103453.jpeg,,,Timber,,No,No railings,10.0,,,,,1.0,True,medium (6-20m),standard (0.9-1.5m),,
data/citywide/images/253/107058/72006__AST_EX_20240803_103604.jpeg,True,107058,253,Trail Bridge,"Repaired, busted hand Rail some insecure planks. 60",72006,AST_EX_20240803_103604.jpeg,,,Timber,,No,No railings,10.0,,,,,1.0,True,medium (6-20m),standard (0.9-1.5m),,
data/citywide/images/253/107058/72008__AST_EX_20240803_103401.jpeg,True,107058,253,Trail Bridge,"Repaired, busted hand Rail some insecure planks. 60",72008,AST_EX_20240803_103401.jpeg,,,Timber,,No,No railings,10.0,,,,,1.0,True,medium (6-20m),standard (0.9-1.5m),,
data/citywide/images/253/107877/54962__AST_IM_20220720_161238.jpeg,True,107877,253,Trail Bridge,Trail bridge 6m condition 80,54962,AST_IM_20220720_161238.jpeg,Steel,Beam,Steel,,,,6.0,,,Aluminum,,1.0,True,medium (6-20m),standard (0.9-1.5m),,
data/citywide/images/253/107877/76403__AST_EX_20241025_103049.jpeg,True,107877,253,Trail Bridge,Trail bridge 6m condition 80,76403,AST_EX_20241025_103049.jpeg,Steel,Beam,Steel,,,,6.0,,,Aluminum,,1.0,True,medium (6-20m),standard (0.9-1.5m),,
data/citywide/images/253/107885/54959__AST_IM_20220720_155827.jpeg,True,107885,253,Trail Bridge,,54959,AST_IM_20220720_155827.jpeg,Steel,Beam,Steel,,,No railings,8.0,,,Aluminum,,1.0,True,medium (6-20m),standard (0.9-1.5m),,
data/citywide/images/253/107885/76402__AST_EX_20241025_105426.jpeg,True,107885,253,Trail Bridge,,76402,AST_EX_20241025_105426.jpeg,Steel,Beam,Steel,,,No railings,8.0,,,Aluminum,,1.0,True,medium (6-20m),standard (0.9-1.5m),,
data/citywide/images/253/107969/55103__AST_IM_20220721_120639.jpeg,True,107969,253,Trail Bridge,Metal suspension bridge over river overpass beside Minute Creek sign. Rusted wire and chain link fencing coming undone. So requires minor maintenance Otherwise relatively stable.,55103,AST_IM_20220721_120639.jpeg,Steel,Suspension,Steel,,,No railings,47.5,,,Aluminum,,1.0,True,long (>20m),standard (0.9-1.5m),,
data/citywide/images/253/107969/55118__AST_IM_20220721_120649.jpeg,True,107969,253,Trail Bridge,Metal suspension bridge over river overpass beside Minute Creek sign. Rusted wire and chain link fencing coming undone. So requires minor maintenance Otherwise relatively stable.,55118,AST_IM_20220721_120649.jpeg,Steel,Suspension,Steel,,,No railings,47.5,,,Aluminum,,1.0,True,long (>20m),standard (0.9-1.5m),,
data/citywide/images/253/108037/55019__AST_IM_20220721_150352.jpeg,True,108037,253,Trail Bridge,,55019,AST_IM_20220721_150352.jpeg,Steel,Suspension,Steel,,,No railings,20.0,,,Steel,,1.0,True,long (>20m),standard (0.9-1.5m),,
data/citywide/images/253/108037/55025__AST_IM_20220721_150402.jpeg,True,108037,253,Trail Bridge,,55025,AST_IM_20220721_150402.jpeg,Steel,Suspension,Steel,,,No railings,20.0,,,Steel,,1.0,True,long (>20m),standard (0.9-1.5m),,
data/citywide/images/253/108037/55036__AST_IM_20220721_150326.jpeg,True,108037,253,Trail Bridge,,55036,AST_IM_20220721_150326.jpeg,Steel,Suspension,Steel,,,No railings,20.0,,,Steel,,1.0,True,long (>20m),standard (0.9-1.5m),,
data/citywide/images/253/108037/55037__AST_IM_20220721_150157.jpeg,True,108037,253,Trail Bridge,,55037,AST_IM_20220721_150157.jpeg,Steel,Suspension,Steel,,,No railings,20.0,,,Steel,,1.0,True,long (>20m),standard (0.9-1.5m),,
data/citywide/images/253/108040/55052__AST_IM_20220721_132148.jpeg,True,108040,253,Trail Bridge,"Boards missing in big sections, stringers rotting a bit. Some newer pieces but majority still rotting  | Condition- 20",55052,AST_IM_20220721_132148.jpeg,Timber,Beam,Timber,,,No railings,10.0,,,Timber,,1.0,True,medium (6-20m),standard (0.9-1.5m),,
data/citywide/images/253/108107/55270__AST_IM_20220720_154325.jpeg,True,108107,253,Trail Bridge,"Good 75. Small Trail bridge between electrical campsites and boat launch. Wood decking wood support. 3.6m long, 1.5m wide ",55270,AST_IM_20220720_154325.jpeg,Timber,Beam,Timber,,Yes,No railings,3.6,,,Timber,,1.5,True,short (<6m),wide (>1.5m),,
data/citywide/images/253/108107/55280__AST_IM_20220720_154317.jpeg,True,108107,253,Trail Bridge,"Good 75. Small Trail bridge between electrical campsites and boat launch. Wood decking wood support. 3.6m long, 1.5m wide ",55280,AST_IM_20220720_154317.jpeg,Timber,Beam,Timber,,Yes,No railings,3.6,,,Timber,,1.5,True,short (<6m),wide (>1.5m),,
data/citywide/images/253/108380/55505__AST_IM_20220715_112338.jpeg,True,108380,253,Trail Bridge,,55505,AST_IM_20220715_112338.jpeg,,,Timber,,No,No railings,14.0,,,Timber,,1.0,True,medium (6-20m),standard (0.9-1.5m),,
data/citywide/images/253/108380/85271__AST_EX_20250712_131426.jpeg,True,108380,253,Trail Bridge,,85271,AST_EX_20250712_131426.jpeg,,,Timber,,No,No railings,14.0,,,Timber,,1.0,True,medium (6-20m),standard (0.9-1.5m),,
data/citywide/images/253/108725/56062__AST_IM_20220726_115015.jpeg,True,108725,253,Trail Bridge,"1x5m, wood with metal traction pieces,",56062,AST_IM_20220726_115015.jpeg,,Beam,Timber,,,No railings,5.0,,,,,1.0,True,short (<6m),standard (0.9-1.5m),,
data/citywide/images/253/108731/56055__AST_IM_20220726_115605.jpeg,True,108731,253,Trail Bridge,"Timber, metal traction, 1x5m, no guards,",56055,AST_IM_20220726_115605.jpeg,,Beam,Timber,,,No railings,5.0,,,Timber,,1.0,True,short (<6m),standard (0.9-1.5m),,
data/citywide/images/253/109160/56719__AST_IM_20220721_124808.jpeg,True,109160,253,Trail Bridge,Kuitshe to Parkinson- bridge 12 | Condition 10 | 10 metres long,56719,AST_IM_20220721_124808.jpeg,Timber,Beam,Timber,,,No railings,10.0,,,Timber,,1.0,True,medium (6-20m),standard (0.9-1.5m),,
data/citywide/images/253/109169/56747__AST_IM_20220726_091503.jpeg,True,109169,253,Trail Bridge,One of the short wooden bridges along trail from Taylor Meadows to Black Tusk Junction,56747,AST_IM_20220726_091503.jpeg,Timber,,Timber,,No,,1.5,,,Timber,,1.0,True,short (<6m),standard (0.9-1.5m),,
data/citywide/images/253/109169/87895__AST_EX_20250914_153930.jpeg,True,109169,253,Trail Bridge,One of the short wooden bridges along trail from Taylor Meadows to Black Tusk Junction,87895,AST_EX_20250914_153930.jpeg,Timber,,Timber,,No,,1.5,,,Timber,,1.0,True,short (<6m),standard (0.9-1.5m),,
data/citywide/images/253/109560/57137__AST_IM_20220729_115249.jpeg,True,109560,253,Trail Bridge,"Fair 45. Steel support, timber decking. 4.5m long .8 m high",57137,AST_IM_20220729_115249.jpeg,,,Timber,,No,No railings,18.0,,,Steel,,1.15,True,medium (6-20m),standard (0.9-1.5m),,
data/citywide/images/253/109619/64862__AST_IM_20220723_142309.jpeg,True,109619,253,Trail Bridge,Old but solid  | In service date estimated  | Approximately 6m long.,64862,AST_IM_20220723_142309.jpeg,Gabions,Beam,Timber,,No,No railings,18.2,,,Timber,,1.36,True,medium (6-20m),standard (0.9-1.5m),,
data/citywide/images/253/109619/64863__AST_IM_20220723_142211.jpeg,True,109619,253,Trail Bridge,Old but solid  | In service date estimated  | Approximately 6m long.,64863,AST_IM_20220723_142211.jpeg,Gabions,Beam,Timber,,No,No railings,18.2,,,Timber,,1.36,True,medium (6-20m),standard (0.9-1.5m),,
data/citywide/images/253/110131/58030__AST_IM_20220806_130524.jpeg,True,110131,253,Trail Bridge,"4 logs, steps with singles (summer 2021), 13x2.5ft",58030,AST_IM_20220806_130524.jpeg,,Beam,Timber,,,No railings,4.0,,,Timber,,1.0,True,short (<6m),standard (0.9-1.5m),,
data/citywide/images/253/110139/58047__AST_IM_20220806_125731.jpeg,True,110139,253,Trail Bridge,15x2 ft. Not sure when it was put in.,58047,AST_IM_20220806_125731.jpeg,,Beam,Timber,,,No railings,4.5,,,,,0.5,True,short (<6m),narrow (<0.9m),,
data/citywide/images/253/110170/58115__AST_IM_20220806_152339.jpeg,True,110170,253,Trail Bridge,Wood construction,58115,AST_IM_20220806_152339.jpeg,Concrete,Beam,Timber,,No,,8.6,,,Steel,,1.06,True,medium (6-20m),standard (0.9-1.5m),,
data/citywide/images/253/110299/58196__AST_IM_20220807_103615.jpeg,True,110299,253,Trail Bridge,"1x6.5m, wood, just after dedication cairn,",58196,AST_IM_20220807_103615.jpeg,Timber,Beam,Timber,,,No railings,6.5,,,Timber,,1.0,True,medium (6-20m),standard (0.9-1.5m),,
data/citywide/images/253/110299/58214__AST_IM_20220807_103601.jpeg,True,110299,253,Trail Bridge,"1x6.5m, wood, just after dedication cairn,",58214,AST_IM_20220807_103601.jpeg,Timber,Beam,Timber,,,No railings,6.5,,,Timber,,1.0,True,medium (6-20m),standard (0.9-1.5m),,
data/citywide/images/253/110299/58226__AST_IM_20220807_103623.jpeg,True,110299,253,Trail Bridge,"1x6.5m, wood, just after dedication cairn,",58226,AST_IM_20220807_103623.jpeg,Timber,Beam,Timber,,,No railings,6.5,,,Timber,,1.0,True,medium (6-20m),standard (0.9-1.5m),,
data/citywide/images/253/110356/58377__AST_IM_20220808_115216.jpeg,True,110356,253,Trail Bridge,"1x4m, log stringers, 1m above ground, 6x6 footings",58377,AST_IM_20220808_115216.jpeg,,Beam,Timber,,,No railings,4.0,,,Timber,,1.0,True,short (<6m),standard (0.9-1.5m),,
data/citywide/images/253/110868/58842__AST_IM_20220811_130506.jpeg,True,110868,253,Trail Bridge,Trail Bridge between holt creek and sandy pool - Very good 70,58842,AST_IM_20220811_130506.jpeg,Timber,,Timber,,,,8.0,,,Timber,,,True,medium (6-20m),,,
data/citywide/images/253/110932/59136__AST_IM_20220728_121706.jpeg,True,110932,253,Trail Bridge,"Wooden Bridge crossing the creek, approx 7 metres long, 65",59136,AST_IM_20220728_121706.jpeg,,Beam,,,,,7.0,,,Timber,,1.3,True,medium (6-20m),standard (0.9-1.5m),,
data/citywide/images/253/110996/72293__MI_20240808_105732.jpg,True,110996,253,Trail Bridge,boardwalk at entrance to poland camp from trail.,72293,MI_20240808_105732.jpg,,,Timber,,,No railings,5.0,,,,,1.0,True,short (<6m),standard (0.9-1.5m),,
data/citywide/images/253/111426/59385__AST_IM_20220814_104219.jpeg,True,111426,253,Trail Bridge,15 meters long,59385,AST_IM_20220814_104219.jpeg,,,,,,No railings,8.0,,,,,,True,medium (6-20m),,,
data/citywide/images/253/111426/59386__AST_IM_20220814_104234.jpeg,True,111426,253,Trail Bridge,15 meters long,59386,AST_IM_20220814_104234.jpeg,,,,,,No railings,8.0,,,,,,True,medium (6-20m),,,
data/citywide/images/253/111426/59408__AST_IM_20220814_104240.jpeg,True,111426,253,Trail Bridge,15 meters long,59408,AST_IM_20220814_104240.jpeg,,,,,,No railings,8.0,,,,,,True,medium (6-20m),,,
data/citywide/images/253/111439/59411__AST_IM_20220814_101422.jpeg,True,111439,253,Trail Bridge,About 50 feet long,59411,AST_IM_20220814_101422.jpeg,,,,,,No railings,15.2,,,,,,True,medium (6-20m),,,
data/citywide/images/253/111447/59368__AST_IM_20220814_104019.jpeg,True,111447,253,Trail Bridge,14 meters,59368,AST_IM_20220814_104019.jpeg,,,,,,No railings,14.0,,,,,,True,medium (6-20m),,,
data/citywide/images/253/111447/59369__AST_IM_20220814_103946.jpeg,True,111447,253,Trail Bridge,14 meters,59369,AST_IM_20220814_103946.jpeg,,,,,,No railings,14.0,,,,,,True,medium (6-20m),,,
data/citywide/images/253/111447/59372__AST_IM_20220814_103937.jpeg,True,111447,253,Trail Bridge,14 meters,59372,AST_IM_20220814_103937.jpeg,,,,,,No railings,14.0,,,,,,True,medium (6-20m),,,
data/citywide/images/253/111447/59397__AST_IM_20220814_104025.jpeg,True,111447,253,Trail Bridge,14 meters,59397,AST_IM_20220814_104025.jpeg,,,,,,No railings,14.0,,,,,,True,medium (6-20m),,,
data/citywide/images/253/111452/59367__AST_IM_20220814_104729.jpeg,True,111452,253,Trail Bridge,50 feet long,59367,AST_IM_20220814_104729.jpeg,,,,,,No railings,15.2,,,,,,True,medium (6-20m),,,
data/citywide/images/253/111452/59395__AST_IM_20220814_104803.jpeg,True,111452,253,Trail Bridge,50 feet long,59395,AST_IM_20220814_104803.jpeg,,,,,,No railings,15.2,,,,,,True,medium (6-20m),,,
data/citywide/images/253/111452/59396__AST_IM_20220814_104715.jpeg,True,111452,253,Trail Bridge,50 feet long,59396,AST_IM_20220814_104715.jpeg,,,,,,No railings,15.2,,,,,,True,medium (6-20m),,,
data/citywide/images/253/111914/86993__AST_EX_20250818_121456.jpeg,True,111914,253,Trail Bridge,,86993,AST_EX_20250818_121456.jpeg,,,Timber,,,No railings,10.0,,,Timber,,1.0,True,medium (6-20m),standard (0.9-1.5m),,
data/citywide/images/253/112338/60608__AST_IM_20220713_092145.jpeg,True,112338,253,Trail Bridge,Condition -80%,60608,AST_IM_20220713_092145.jpeg,,,Timber,,No,No railings,4.0,,,Timber,,1.0,True,short (<6m),standard (0.9-1.5m),,
data/citywide/images/253/112340/60577__AST_IM_20220807_101926.jpeg,True,112340,253,Trail Bridge,Condition - 65% - maintained by park operator/permittee,60577,AST_IM_20220807_101926.jpeg,,,,,No,No railings,6.0,,,,,1.0,True,medium (6-20m),standard (0.9-1.5m),,
data/citywide/images/253/112348/60625__AST_IM_20220713_094008.jpeg,True,112348,253,Trail Bridge,condition -80%,60625,AST_IM_20220713_094008.jpeg,,,,,No,No railings,3.0,,,,,1.0,True,short (<6m),standard (0.9-1.5m),,
data/citywide/images/253/112386/60623__AST_IM_20220714_093044.jpeg,True,112386,253,Trail Bridge,Condition - 80%,60623,AST_IM_20220714_093044.jpeg,,,,,No,No railings,4.0,,,,,1.0,True,short (<6m),standard (0.9-1.5m),,
data/citywide/images/253/112406/60581__AST_IM_20220713_093657.jpeg,True,112406,253,Trail Bridge,Condition - 70%,60581,AST_IM_20220713_093657.jpeg,,,,,No,No railings,6.0,,,,,1.0,True,medium (6-20m),standard (0.9-1.5m),,
data/citywide/images/253/112422/60670__AST_IM_20220822_110047.jpeg,True,112422,253,Trail Bridge,1x4 m,60670,AST_IM_20220822_110047.jpeg,,Beam,Timber,,,No railings,4.0,,,Timber,,1.0,True,short (<6m),standard (0.9-1.5m),,
data/citywide/images/253/113125/61435__AST_IM_20220826_095740.jpeg,True,113125,253,Trail Bridge,"Metal, 1.5x15m, railing",61435,AST_IM_20220826_095740.jpeg,,,Timber,,,,15.0,,,Steel,,1.5,True,medium (6-20m),wide (>1.5m),,
data/citywide/images/253/113125/61438__AST_IM_20220826_104550.jpeg,True,113125,253,Trail Bridge,"Metal, 1.5x15m, railing",61438,AST_IM_20220826_104550.jpeg,,,Timber,,,,15.0,,,Steel,,1.5,True,medium (6-20m),wide (>1.5m),,
data/citywide/images/253/113125/61440__AST_IM_20220826_095727.jpeg,True,113125,253,Trail Bridge,"Metal, 1.5x15m, railing",61440,AST_IM_20220826_095727.jpeg,,,Timber,,,,15.0,,,Steel,,1.5,True,medium (6-20m),wide (>1.5m),,
data/citywide/images/253/113125/87467__AST_EX_20250905_110148.jpeg,True,113125,253,Trail Bridge,"Metal, 1.5x15m, railing",87467,AST_EX_20250905_110148.jpeg,,,Timber,,,,15.0,,,Steel,,1.5,True,medium (6-20m),wide (>1.5m),,
data/citywide/images/253/113163/61470__AST_IM_20220826_133719.jpeg,True,113163,253,Trail Bridge,Over creek with hand railing condition 65,61470,AST_IM_20220826_133719.jpeg,Timber,Beam,Timber,,,,6.0,,,Timber,,1.0,True,medium (6-20m),standard (0.9-1.5m),,
data/citywide/images/253/113164/61473__AST_IM_20220826_135318.jpeg,True,113164,253,Trail Bridge,Cantilever 70k condition 85,61473,AST_IM_20220826_135318.jpeg,Steel,Beam,Timber,,,,8.0,,,Steel,,1.0,True,medium (6-20m),standard (0.9-1.5m),,
data/citywide/images/253/113217/73350__AST_EX_20240907_104955.jpeg,True,113217,253,Trail Bridge,Corduroy Bridge before camp on PCT,73350,AST_EX_20240907_104955.jpeg,Timber,Beam,Timber,,,No railings,3.0,,,Timber,,2.0,True,short (<6m),wide (>1.5m),,
data/citywide/images/253/113217/73351__AST_EX_20240907_103834.jpeg,True,113217,253,Trail Bridge,Corduroy Bridge before camp on PCT,73351,AST_EX_20240907_103834.jpeg,Timber,Beam,Timber,,,No railings,3.0,,,Timber,,2.0,True,short (<6m),wide (>1.5m),,
data/citywide/images/253/113244/61576__AST_IM_20220827_095844.jpeg,True,113244,253,Trail Bridge,"3 sections; concrete, metal, and wood, Metal structure, with metal and wood railing, wood railing section and concrete section look like they were installed 2022, main ramp looks like 2010",61576,AST_IM_20220827_095844.jpeg,,,Timber,,,,10.0,,,Steel,,2.0,True,medium (6-20m),wide (>1.5m),,
data/citywide/images/253/113244/61592__AST_IM_20220827_100339.jpeg,True,113244,253,Trail Bridge,"3 sections; concrete, metal, and wood, Metal structure, with metal and wood railing, wood railing section and concrete section look like they were installed 2022, main ramp looks like 2010",61592,AST_IM_20220827_100339.jpeg,,,Timber,,,,10.0,,,Steel,,2.0,True,medium (6-20m),wide (>1.5m),,
data/citywide/images/253/113731/62042__MI_20220828_104933.jpg,True,113731,253,Trail Bridge,,62042,MI_20220828_104933.jpg,,,,,No,No railings,1.0,,,,,,True,short (<6m),,,
data/citywide/images/253/113733/74747__MI_20240929_105004.jpg,True,113733,253,Trail Bridge,replaced with repurposed 6x6's in 2024,74747,MI_20240929_105004.jpg,,,,,No,No railings,1.0,,,,,,True,short (<6m),,,
data/citywide/images/253/113804/62187__AST_IM_20220830_104242.jpeg,True,113804,253,Trail Bridge,Three 12ft 4x6 stringers.  2x6 decking at 3.5ft wide,62187,AST_IM_20220830_104242.jpeg,Timber,Beam,Timber,,,No railings,10.0,,,Timber,,1.5,True,medium (6-20m),wide (>1.5m),,
data/citywide/images/253/113952/62330__AST_IM_20220901_143048.jpeg,True,113952,253,Trail Bridge,Aluminum bridge. aprox 15m long by 3ft wide. wood decking starting to rot,62330,AST_IM_20220901_143048.jpeg,Steel,Beam,Timber,,,,6.0,,,Aluminum,,1.5,True,medium (6-20m),wide (>1.5m),,
data/citywide/images/253/113952/88958__AST_EX_20250924_141343.jpeg,True,113952,253,Trail Bridge,Aluminum bridge. aprox 15m long by 3ft wide. wood decking starting to rot,88958,AST_EX_20250924_141343.jpeg,Steel,Beam,Timber,,,,6.0,,,Aluminum,,1.5,True,medium (6-20m),wide (>1.5m),,
data/citywide/images/253/113958/88896__AST_EX_20250924_134626.jpeg,True,113958,253,Trail Bridge,6x6 stingers 4m long | Grip grate on top,88896,AST_EX_20250924_134626.jpeg,Timber,Beam,Timber,,,No railings,6.0,,,,,1.5,True,medium (6-20m),wide (>1.5m),,
data/citywide/images/253/114291/63713__AST_IM_20220903_130210.jpeg,True,114291,253,Trail Bridge,Wooden plank bridge with log sill abutment.  4 m long 1 m wide,63713,AST_IM_20220903_130210.jpeg,,Beam,Timber,,,No railings,4.0,,,Timber,,,True,short (<6m),,,
data/citywide/images/253/114635/62977__AST_IM_20220910_092600.jpeg,True,114635,253,Trail Bridge,New in 2022.,62977,AST_IM_20220910_092600.jpeg,Timber,Beam,Timber,,,No railings,20.0,,,Timber,,0.5,True,long (>20m),narrow (<0.9m),,
data/citywide/images/253/114635/62981__AST_IM_20220910_092613.jpeg,True,114635,253,Trail Bridge,New in 2022.,62981,AST_IM_20220910_092613.jpeg,Timber,Beam,Timber,,,No railings,20.0,,,Timber,,0.5,True,long (>20m),narrow (<0.9m),,
data/citywide/images/253/114815/63081__AST_IM_20220902_111956.jpeg,True,114815,253,Trail Bridge,I beam and rail  40 ft 8/10,63081,AST_IM_20220902_111956.jpeg,Timber,Beam,Timber,,,,11.0,,,Timber,,0.75,True,medium (6-20m),narrow (<0.9m),,
data/citywide/images/253/114815/69758__AST_EX_20240606_090250.jpeg,True,114815,253,Trail Bridge,I beam and rail  40 ft 8/10,69758,AST_EX_20240606_090250.jpeg,Timber,Beam,Timber,,,,11.0,,,Timber,,0.75,True,medium (6-20m),narrow (<0.9m),,
data/citywide/images/253/114923/63201__AST_IM_20220916_144900.jpeg,True,114923,253,Trail Bridge,9x3m,63201,AST_IM_20220916_144900.jpeg,Timber,Beam,Timber,,,No railings,9.0,,,Timber,,3.0,True,medium (6-20m),wide (>1.5m),,
data/citywide/images/253/114963/63251__AST_IM_20220915_145555.jpeg,True,114963,253,Trail Bridge,"Steele Creek bridge steel and cedar decking; weighs approx 6,100 pounds",63251,AST_IM_20220915_145555.jpeg,Timber,Beam,Timber,,,No railings,13.0,,,Steel,,1.5,True,medium (6-20m),wide (>1.5m),,
data/citywide/images/253/114963/63264__AST_IM_20220915_145619.jpeg,True,114963,253,Trail Bridge,"Steele Creek bridge steel and cedar decking; weighs approx 6,100 pounds",63264,AST_IM_20220915_145619.jpeg,Timber,Beam,Timber,,,No railings,13.0,,,Steel,,1.5,True,medium (6-20m),wide (>1.5m),,
data/citywide/images/253/114963/76557__20.jpg,True,114963,253,Trail Bridge,"Steele Creek bridge steel and cedar decking; weighs approx 6,100 pounds",76557,20.jpg,Timber,Beam,Timber,,,No railings,13.0,,,Steel,,1.5,True,medium (6-20m),wide (>1.5m),,
data/citywide/images/253/114963/76558__19.jpg,True,114963,253,Trail Bridge,"Steele Creek bridge steel and cedar decking; weighs approx 6,100 pounds",76558,19.jpg,Timber,Beam,Timber,,,No railings,13.0,,,Steel,,1.5,True,medium (6-20m),wide (>1.5m),,
data/citywide/images/253/114996/67237__114996_photo.png,True,114996,253,Trail Bridge,25ft,67237,114996 photo.png,Concrete,Truss,Timber,,Yes,,11.0,,,,,1.2,True,medium (6-20m),standard (0.9-1.5m),,
data/citywide/images/253/114997/88127__AST_EX_20250917_141553.jpeg,True,114997,253,Trail Bridge,25 ft wooden bridge ,88127,AST_EX_20250917_141553.jpeg,Concrete,Truss,Timber,,Yes,,9.5,,,,,1.2,True,medium (6-20m),standard (0.9-1.5m),,
data/citywide/images/253/114997/88154__AST_EX_20250917_141558.jpeg,True,114997,253,Trail Bridge,25 ft wooden bridge ,88154,AST_EX_20250917_141558.jpeg,Concrete,Truss,Timber,,Yes,,9.5,,,,,1.2,True,medium (6-20m),standard (0.9-1.5m),,
data/citywide/images/253/116847/64875__AST_IM_20230412_110227.jpeg,True,116847,253,Trail Bridge,20 ft clear span foot bridge on the Chris Hatfield trail,64875,AST_IM_20230412_110227.jpeg,Timber,Beam,Timber,,,,7.0,,,Timber,,1.0,True,medium (6-20m),standard (0.9-1.5m),,
data/citywide/images/253/116851/64887__AST_IM_20230412_113632.jpeg,True,116851,253,Trail Bridge,"Small bridge / boardwalk x2 in same area known as prices orchard, moss, rot, not great condition ",64887,AST_IM_20230412_113632.jpeg,Timber,,,,,,3.0,,,,,,True,short (<6m),,,
data/citywide/images/253/116851/64888__AST_IM_20230412_113651.jpeg,True,116851,253,Trail Bridge,"Small bridge / boardwalk x2 in same area known as prices orchard, moss, rot, not great condition ",64888,AST_IM_20230412_113651.jpeg,Timber,,,,,,3.0,,,,,,True,short (<6m),,,
data/citywide/images/253/116851/64889__AST_IM_20230412_113700.jpeg,True,116851,253,Trail Bridge,"Small bridge / boardwalk x2 in same area known as prices orchard, moss, rot, not great condition ",64889,AST_IM_20230412_113700.jpeg,Timber,,,,,,3.0,,,,,,True,short (<6m),,,
data/citywide/images/253/116851/64890__AST_IM_20230412_113700.jpeg,True,116851,253,Trail Bridge,"Small bridge / boardwalk x2 in same area known as prices orchard, moss, rot, not great condition ",64890,AST_IM_20230412_113700.jpeg,Timber,,,,,,3.0,,,,,,True,short (<6m),,,
data/citywide/images/253/116851/64893__AST_IM_20230412_113640.jpeg,True,116851,253,Trail Bridge,"Small bridge / boardwalk x2 in same area known as prices orchard, moss, rot, not great condition ",64893,AST_IM_20230412_113640.jpeg,Timber,,,,,,3.0,,,,,,True,short (<6m),,,
data/citywide/images/253/116851/64894__AST_IM_20230412_113640.jpeg,True,116851,253,Trail Bridge,"Small bridge / boardwalk x2 in same area known as prices orchard, moss, rot, not great condition ",64894,AST_IM_20230412_113640.jpeg,Timber,,,,,,3.0,,,,,,True,short (<6m),,,
data/citywide/images/253/117195/65265__AST_IM_20230616_133053.jpeg,True,117195,253,Trail Bridge,9.1m- rebarred,65265,AST_IM_20230616_133053.jpeg,,,Steel,,,,6.0,,,Aluminum,,1.0,True,medium (6-20m),standard (0.9-1.5m),,
data/citywide/images/253/117196/65269__AST_IM_20230616_131110.jpeg,True,117196,253,Trail Bridge,,65269,AST_IM_20230616_131110.jpeg,Timber,Truss,Steel,,,,6.0,,,Aluminum,,1.0,True,medium (6-20m),standard (0.9-1.5m),,
data/citywide/images/253/117196/65284__AST_IM_20230616_131059.jpeg,True,117196,253,Trail Bridge,,65284,AST_IM_20230616_131059.jpeg,Timber,Truss,Steel,,,,6.0,,,Aluminum,,1.0,True,medium (6-20m),standard (0.9-1.5m),,
data/citywide/images/253/117197/65274__AST_IM_20230616_114223.jpeg,True,117197,253,Trail Bridge,7.6m,65274,AST_IM_20230616_114223.jpeg,Gabions,,Steel,,,,4.0,,,Aluminum,,1.0,True,short (<6m),standard (0.9-1.5m),,
data/citywide/images/253/117211/65243__AST_IM_20230616_131857.jpeg,True,117211,253,Trail Bridge,6.4m,65243,AST_IM_20230616_131857.jpeg,Timber,,Steel,,,,6.4,,,Aluminum,,1.0,True,medium (6-20m),standard (0.9-1.5m),,
data/citywide/images/253/117216/65270__AST_IM_20230616_122837.jpeg,True,117216,253,Trail Bridge,Aluminum bridge,65270,AST_IM_20230616_122837.jpeg,Timber,,Steel,,,,6.0,,,Aluminum,,1.0,True,medium (6-20m),standard (0.9-1.5m),,
data/citywide/images/253/117220/65237__AST_IM_20230616_140951.jpeg,True,117220,253,Trail Bridge,6m aluminum,65237,AST_IM_20230616_140951.jpeg,Timber,,Steel,,,,6.0,,,Aluminum,,1.0,True,medium (6-20m),standard (0.9-1.5m),,
data/citywide/images/253/117220/65254__AST_IM_20230616_140959.jpeg,True,117220,253,Trail Bridge,6m aluminum,65254,AST_IM_20230616_140959.jpeg,Timber,,Steel,,,,6.0,,,Aluminum,,1.0,True,medium (6-20m),standard (0.9-1.5m),,
data/citywide/images/253/117221/65255__AST_IM_20230616_140235.jpeg,True,117221,253,Trail Bridge,4.5m,65255,AST_IM_20230616_140235.jpeg,Timber,,Steel,,,,4.5,,,Aluminum,,1.0,True,short (<6m),standard (0.9-1.5m),,
data/citywide/images/253/117304/65511__AST_IM_20230702_114742.jpeg,True,117304,253,Trail Bridge,"74 ft long, 42"" rails, 6ft wide, 3"" decking, 2 steel I beams w/ concrete supports every 16 ft. Stringer spacing 3.5 feet inside edge to inside ",65511,AST_IM_20230702_114742.jpeg,Concrete,Beam,Timber,,,,22.5,,,Steel,,1.75,True,long (>20m),wide (>1.5m),,
data/citywide/images/253/117304/65513__AST_IM_20230702_114800.jpeg,True,117304,253,Trail Bridge,"74 ft long, 42"" rails, 6ft wide, 3"" decking, 2 steel I beams w/ concrete supports every 16 ft. Stringer spacing 3.5 feet inside edge to inside ",65513,AST_IM_20230702_114800.jpeg,Concrete,Beam,Timber,,,,22.5,,,Steel,,1.75,True,long (>20m),wide (>1.5m),,
data/citywide/images/253/117304/65517__AST_IM_20230702_114749.jpeg,True,117304,253,Trail Bridge,"74 ft long, 42"" rails, 6ft wide, 3"" decking, 2 steel I beams w/ concrete supports every 16 ft. Stringer spacing 3.5 feet inside edge to inside ",65517,AST_IM_20230702_114749.jpeg,Concrete,Beam,Timber,,,,22.5,,,Steel,,1.75,True,long (>20m),wide (>1.5m),,
data/citywide/images/253/117304/76916__AST_EX_20241105_131541.jpeg,True,117304,253,Trail Bridge,"74 ft long, 42"" rails, 6ft wide, 3"" decking, 2 steel I beams w/ concrete supports every 16 ft. Stringer spacing 3.5 feet inside edge to inside ",76916,AST_EX_20241105_131541.jpeg,Concrete,Beam,Timber,,,,22.5,,,Steel,,1.75,True,long (>20m),wide (>1.5m),,
data/citywide/images/253/117304/76918__AST_EX_20241105_131536.jpeg,True,117304,253,Trail Bridge,"74 ft long, 42"" rails, 6ft wide, 3"" decking, 2 steel I beams w/ concrete supports every 16 ft. Stringer spacing 3.5 feet inside edge to inside ",76918,AST_EX_20241105_131536.jpeg,Concrete,Beam,Timber,,,,22.5,,,Steel,,1.75,True,long (>20m),wide (>1.5m),,
data/citywide/images/253/117304/76922__AST_EX_20241105_131531.jpeg,True,117304,253,Trail Bridge,"74 ft long, 42"" rails, 6ft wide, 3"" decking, 2 steel I beams w/ concrete supports every 16 ft. Stringer spacing 3.5 feet inside edge to inside ",76922,AST_EX_20241105_131531.jpeg,Concrete,Beam,Timber,,,,22.5,,,Steel,,1.75,True,long (>20m),wide (>1.5m),,
data/citywide/images/253/117365/65592__AST_IM_20230721_122525.jpeg,True,117365,253,Trail Bridge,"Boardwalk three, mostly stable birds are in ok condition. If major project replace. Fair rating. All wood.",65592,AST_IM_20230721_122525.jpeg,Timber,Beam,Timber,,,,11.0,,,Timber,,3.0,True,medium (6-20m),wide (>1.5m),,
data/citywide/images/253/117365/71511__AST_EX_20240726_142554.jpeg,True,117365,253,Trail Bridge,"Boardwalk three, mostly stable birds are in ok condition. If major project replace. Fair rating. All wood.",71511,AST_EX_20240726_142554.jpeg,Timber,Beam,Timber,,,,11.0,,,Timber,,3.0,True,medium (6-20m),wide (>1.5m),,
data/citywide/images/253/117365/71512__AST_EX_20240726_142539.jpeg,True,117365,253,Trail Bridge,"Boardwalk three, mostly stable birds are in ok condition. If major project replace. Fair rating. All wood.",71512,AST_EX_20240726_142539.jpeg,Timber,Beam,Timber,,,,11.0,,,Timber,,3.0,True,medium (6-20m),wide (>1.5m),,
data/citywide/images/253/118143/66508__AST_IM_20230927_121833.jpeg,True,118143,253,Trail Bridge,Boardwalk over Toboggan falls along Hargreaves Route,66508,AST_IM_20230927_121833.jpeg,Timber,Beam,Timber,,,No railings,4.0,,,Timber,,0.5,True,short (<6m),narrow (<0.9m),,
data/citywide/images/253/118246/66812__PWC_Westley_Bridge_May_19_2023__3_.JPG,True,118246,253,Trail Bridge,Westley Bridge - Dewar Creek Trail,66812,PWC Westley Bridge May 19 2023 (3).JPG,Gabions,Beam,Timber,,,No railings,7.0,,,Steel,,0.5,True,medium (6-20m),narrow (<0.9m),,
data/citywide/images/253/118246/82204__AST_EX_20250518_144142.jpeg,True,118246,253,Trail Bridge,Westley Bridge - Dewar Creek Trail,82204,AST_EX_20250518_144142.jpeg,Gabions,Beam,Timber,,,No railings,7.0,,,Steel,,0.5,True,medium (6-20m),narrow (<0.9m),,
data/citywide/images/253/118752/67185__AST_IM_20231130_084953.jpeg,True,118752,253,Trail Bridge,Bridge with steel cable railing ,67185,AST_IM_20231130_084953.jpeg,,,,,,,6.0,,,,,,True,medium (6-20m),,,
data/citywide/images/253/118752/67196__AST_IM_20231130_084937.jpeg,True,118752,253,Trail Bridge,Bridge with steel cable railing ,67196,AST_IM_20231130_084937.jpeg,,,,,,,6.0,,,,,,True,medium (6-20m),,,
data/citywide/images/253/118757/67182__AST_IM_20231130_085848.jpeg,True,118757,253,Trail Bridge,1st foot bridge over Ozalenka Creek to access Ozalenka Lake Trail,67182,AST_IM_20231130_085848.jpeg,,Beam,Timber,,,No railings,3.0,,,Timber,,0.2,True,short (<6m),narrow (<0.9m),,
data/citywide/images/253/118797/67280__AST_IM_20231207_144148.jpeg,True,118797,253,Trail Bridge,Trail bridge. Bikeable,67280,AST_IM_20231207_144148.jpeg,Timber,Beam,Timber,,,No railings,4.0,,,Timber,,0.5,True,short (<6m),narrow (<0.9m),,
data/citywide/images/253/118923/85728__20231001_092922.jpg,True,118923,253,Trail Bridge,Hugo's Bridge (new in fall 2023),85728,20231001_092922.jpg,Concrete,Truss,Steel,,,,10.0,,,,,2.0,True,medium (6-20m),wide (>1.5m),,
data/citywide/images/253/119099/67583__Bridge_overview.jpg,True,119099,253,Trail Bridge,24ft long 3ft wide beam style pedestrian bridge installed on ground over a erroded creek. banks are unstable. temporary bridge,67583,Bridge overview.jpg,Steel,Beam,Timber,,,,7.4,,,Steel,,1.0,True,medium (6-20m),standard (0.9-1.5m),,
data/citywide/images/253/119099/67584__view_under_bridge_lookers_left_3.JPG,True,119099,253,Trail Bridge,24ft long 3ft wide beam style pedestrian bridge installed on ground over a erroded creek. banks are unstable. temporary bridge,67584,view under bridge lookers left 3.JPG,Steel,Beam,Timber,,,,7.4,,,Steel,,1.0,True,medium (6-20m),standard (0.9-1.5m),,
data/citywide/images/253/119099/67585__view_under_bridge_lookers_right_3.JPG,True,119099,253,Trail Bridge,24ft long 3ft wide beam style pedestrian bridge installed on ground over a erroded creek. banks are unstable. temporary bridge,67585,view under bridge lookers right 3.JPG,Steel,Beam,Timber,,,,7.4,,,Steel,,1.0,True,medium (6-20m),standard (0.9-1.5m),,
data/citywide/images/253/119811/68114__MI_20240425_084135.jpg,True,119811,253,Trail Bridge,dry  creek Lower Pink Hwy,68114,MI_20240425_084135.jpg,Timber,Beam,Timber,,,No railings,3.0,,,Timber,,1.5,True,short (<6m),wide (>1.5m),,
data/citywide/images/253/119851/68066__AST_IM_20240425_132946.jpeg,True,119851,253,Trail Bridge,Bikeable bridge over creek,68066,AST_IM_20240425_132946.jpeg,Timber,Beam,Timber,,,No railings,7.0,,,Timber,,1.0,True,medium (6-20m),standard (0.9-1.5m),,
data/citywide/images/253/119977/68245__AST_IM_20240424_134648.jpeg,True,119977,253,Trail Bridge,"Log stringer bridge across Sandner creek/ rope railing, built by BCWS crew",68245,AST_IM_20240424_134648.jpeg,Timber,Beam,Timber,,,,15.0,,,Timber,,1.0,True,medium (6-20m),standard (0.9-1.5m),,
data/citywide/images/253/120706/69810__AST_IM_20240618_102502.jpeg,True,120706,253,Trail Bridge,Foot bridge on trail connecting DU to boat launch,69810,AST_IM_20240618_102502.jpeg,,,Timber,,,,10.0,,,Steel,,1.75,True,medium (6-20m),wide (>1.5m),,
data/citywide/images/253/120706/69811__AST_IM_20240618_102456.jpeg,True,120706,253,Trail Bridge,Foot bridge on trail connecting DU to boat launch,69811,AST_IM_20240618_102456.jpeg,,,Timber,,,,10.0,,,Steel,,1.75,True,medium (6-20m),wide (>1.5m),,
data/citywide/images/253/121497/71855__AST_IM_20240731_200314.jpeg,True,121497,253,Trail Bridge,Boardwalk - 6x6 stringers 2x6 and 2x4 decking. Approx 10 feet,71855,AST_IM_20240731_200314.jpeg,Timber,Beam,Timber,,,No railings,4.0,,,Timber,,1.0,True,short (<6m),standard (0.9-1.5m),,
data/citywide/images/253/121755/72663__AST_IM_20240815_124809.jpeg,True,121755,253,Trail Bridge,"2x6 decking
4x4 sills
10ft long",72663,AST_IM_20240815_124809.jpeg,Timber,Beam,Timber,,,No railings,3.0,,,Timber,,0.5,True,short (<6m),narrow (<0.9m),,
data/citywide/images/253/122034/73476__AST_IM_20240913_123903.jpeg,True,122034,253,Trail Bridge,"3 @ 4 x 10 joists, with 2x 6 decking, Gabian basket on both ends, rail on one side, length: 7 m x 4 ft",73476,AST_IM_20240913_123903.jpeg,Gabions,Beam,Timber,,,,7.0,,,,,1.3,True,medium (6-20m),standard (0.9-1.5m),,
data/citywide/images/253/122034/73479__AST_IM_20240913_123829.jpeg,True,122034,253,Trail Bridge,"3 @ 4 x 10 joists, with 2x 6 decking, Gabian basket on both ends, rail on one side, length: 7 m x 4 ft",73479,AST_IM_20240913_123829.jpeg,Gabions,Beam,Timber,,,,7.0,,,,,1.3,True,medium (6-20m),standard (0.9-1.5m),,
data/citywide/images/253/122034/73482__AST_IM_20240913_123852.jpeg,True,122034,253,Trail Bridge,"3 @ 4 x 10 joists, with 2x 6 decking, Gabian basket on both ends, rail on one side, length: 7 m x 4 ft",73482,AST_IM_20240913_123852.jpeg,Gabions,Beam,Timber,,,,7.0,,,,,1.3,True,medium (6-20m),standard (0.9-1.5m),,
data/citywide/images/253/122180/73783__AST_IM_20240823_132057.jpeg,True,122180,253,Trail Bridge,,73783,AST_IM_20240823_132057.jpeg,,,,,,,4.0,,,,,1.0,True,short (<6m),standard (0.9-1.5m),,
data/citywide/images/253/122183/73759__AST_IM_20240823_140341.jpeg,True,122183,253,Trail Bridge,,73759,AST_IM_20240823_140341.jpeg,,,,,,,2.0,,,,,1.0,True,short (<6m),standard (0.9-1.5m),,
data/citywide/images/253/122244/74175__AST_IM_20240802_153001.jpeg,True,122244,253,Trail Bridge,16 foot by 4 ft bridge with railings ,74175,AST_IM_20240802_153001.jpeg,,Beam,Timber,,,,5.0,,,Timber,,1.3,True,short (<6m),standard (0.9-1.5m),,
data/citywide/images/253/122263/74186__AST_IM_20240913_112357.jpeg,True,122263,253,Trail Bridge,Bridge  rough cut 2x6 on 4x8 rough cut stringers ,74186,AST_IM_20240913_112357.jpeg,,Beam,Timber,,,No railings,7.0,,,Timber,,1.0,True,medium (6-20m),standard (0.9-1.5m),,
data/citywide/images/253/122441/74684__AST_IM_20240926_095659.jpeg,True,122441,253,Trail Bridge,"Steel Bridge w/ Aluminum Handrails, Cables and Cedar Decking",74684,AST_IM_20240926_095659.jpeg,Concrete,Beam,Timber,,,,4.0,,,Steel,,1.0,True,short (<6m),standard (0.9-1.5m),,
data/citywide/images/253/122444/74688__AST_IM_20240926_094912.jpeg,True,122444,253,Trail Bridge,Steel Bridge with Concrete Abutments and Cedar Decking,74688,AST_IM_20240926_094912.jpeg,Concrete,Beam,Timber,,,No railings,2.5,,,Steel,,1.0,True,short (<6m),standard (0.9-1.5m),,
data/citywide/images/253/122445/74683__AST_IM_20240926_095929.jpeg,True,122445,253,Trail Bridge,Steel Bridge with Concrete Abutments and Cedar Decking,74683,AST_IM_20240926_095929.jpeg,Concrete,Beam,Timber,,,,4.0,,,Steel,,1.0,True,short (<6m),standard (0.9-1.5m),,
data/citywide/images/253/122981/77760__IMG_3038.JPG,True,122981,253,Trail Bridge,"8x8 pressure treated sill on concrete blocks, 24' doug fir stringers, yellow cedar deck, posts, railing, earth ramp for bikes & strollers",77760,IMG_3038.JPG,Concrete,Beam,Timber,,No,,7.3,Timber/Wood,,Timber,,1.2,True,medium (6-20m),standard (0.9-1.5m),,
data/citywide/images/253/122999/76745__AST_IM_20241031_162559.jpeg,True,122999,253,Trail Bridge,Natural cedar log crossing with added rope railing and approaches - rustic,76745,AST_IM_20241031_162559.jpeg,,Fallen Tree,,2.0,,,15.0,,,Timber,,1.0,True,medium (6-20m),standard (0.9-1.5m),medium (1.2-5m),
data/citywide/images/253/123161/77036__AST_IM_20241106_135331.jpeg,True,123161,253,Trail Bridge,Bridge on steel i beams with railings.,77036,AST_IM_20241106_135331.jpeg,Timber,Beam,Timber,,,,10.0,,,Steel,,3.0,True,medium (6-20m),wide (>1.5m),,
data/citywide/images/253/123161/77041__AST_IM_20241106_135425.jpeg,True,123161,253,Trail Bridge,Bridge on steel i beams with railings.,77041,AST_IM_20241106_135425.jpeg,Timber,Beam,Timber,,,,10.0,,,Steel,,3.0,True,medium (6-20m),wide (>1.5m),,
data/citywide/images/253/123161/77042__AST_IM_20241106_135442.jpeg,True,123161,253,Trail Bridge,Bridge on steel i beams with railings.,77042,AST_IM_20241106_135442.jpeg,Timber,Beam,Timber,,,,10.0,,,Steel,,3.0,True,medium (6-20m),wide (>1.5m),,
data/citywide/images/253/123161/77040__AST_IM_20241106_135341.jpeg,True,123161,253,Trail Bridge,Bridge on steel i beams with railings.,77040,AST_IM_20241106_135341.jpeg,Timber,Beam,Timber,,,,10.0,,,Steel,,3.0,True,medium (6-20m),wide (>1.5m),,
data/citywide/images/253/123219/77190__AST_IM_20241107_133720.jpeg,True,123219,253,Trail Bridge,Rustic cedar board on log,77190,AST_IM_20241107_133720.jpeg,,Beam,Timber,1.0,,No railings,12.0,,,Timber,,2.0,True,medium (6-20m),wide (>1.5m),low (<1.2m),
data/citywide/images/253/123352/77558__Bridge_3_400_from_East__1_.JPG,True,123352,253,Trail Bridge,Rustic timber,77558,Bridge 3 400 from East (1).JPG,Timber,Beam,Timber,1.0,,No railings,10.0,,,Timber,,3.0,True,medium (6-20m),wide (>1.5m),low (<1.2m),
data/citywide/images/253/123352/77559__Bridge_3_400_from_East__2_.JPG,True,123352,253,Trail Bridge,Rustic timber,77559,Bridge 3 400 from East (2).JPG,Timber,Beam,Timber,1.0,,No railings,10.0,,,Timber,,3.0,True,medium (6-20m),wide (>1.5m),low (<1.2m),
data/citywide/images/253/123310/77432__AST_IM_20241113_143720.jpeg,True,123310,253,Trail Bridge,1 railing cedar boardwalk approaches and decking onto natural log bridge across Haans Creek on Dover trail,77432,AST_IM_20241113_143720.jpeg,Timber,Fallen Tree,Timber,2.0,,,25.0,,,Timber,,1.0,True,long (>20m),standard (0.9-1.5m),medium (1.2-5m),
data/citywide/images/253/123354/77561__Bridge_at_Property.jpg,True,123354,253,Trail Bridge,Rustic timber,77561,Bridge at Property.jpg,Timber,Beam,Timber,1.0,,No railings,8.0,,,Timber,,2.0,True,medium (6-20m),wide (>1.5m),low (<1.2m),
data/citywide/images/253/123585/83723__AST_EX_20250619_110657.jpeg,True,123585,253,Trail Bridge,wood construction with concrete lock block abutments,83723,AST_EX_20250619_110657.jpeg,Concrete,Beam,Timber,,,,6.0,,,Timber,,1.0,True,medium (6-20m),standard (0.9-1.5m),,
data/citywide/images/253/123585/83741__AST_EX_20250619_110617.jpeg,True,123585,253,Trail Bridge,wood construction with concrete lock block abutments,83741,AST_EX_20250619_110617.jpeg,Concrete,Beam,Timber,,,,6.0,,,Timber,,1.0,True,medium (6-20m),standard (0.9-1.5m),,
data/citywide/images/253/123585/83730__AST_EX_20250619_110642.jpeg,True,123585,253,Trail Bridge,wood construction with concrete lock block abutments,83730,AST_EX_20250619_110642.jpeg,Concrete,Beam,Timber,,,,6.0,,,Timber,,1.0,True,medium (6-20m),standard (0.9-1.5m),,
data/citywide/images/253/126721/85400__AST_IM_20250716_120422.jpeg,True,126721,253,Trail Bridge,Metal bridge over castle creek 400m up river from old bridge site ,85400,AST_IM_20250716_120422.jpeg,Gabions,Truss,Timber,2.0,,2 railings,24.0,,,Steel,,2.0,True,long (>20m),wide (>1.5m),medium (1.2-5m),
data/citywide/images/253/126709/85374__AST_IM_20250723_164003.jpeg,True,126709,253,Trail Bridge,Boardwalk - wood,85374,AST_IM_20250723_164003.jpeg,Timber,Other,Timber,,,No railings,2.0,,,Timber,,0.75,True,short (<6m),narrow (<0.9m),,
data/citywide/images/253/126721/85403__AST_IM_20250716_120324.jpeg,True,126721,253,Trail Bridge,Metal bridge over castle creek 400m up river from old bridge site ,85403,AST_IM_20250716_120324.jpeg,Gabions,Truss,Timber,2.0,,2 railings,24.0,,,Steel,,2.0,True,long (>20m),wide (>1.5m),medium (1.2-5m),
data/citywide/images/253/126721/85406__AST_IM_20250716_120341.jpeg,True,126721,253,Trail Bridge,Metal bridge over castle creek 400m up river from old bridge site ,85406,AST_IM_20250716_120341.jpeg,Gabions,Truss,Timber,2.0,,2 railings,24.0,,,Steel,,2.0,True,long (>20m),wide (>1.5m),medium (1.2-5m),
data/citywide/images/253/126721/85407__AST_IM_20250716_120405.jpeg,True,126721,253,Trail Bridge,Metal bridge over castle creek 400m up river from old bridge site ,85407,AST_IM_20250716_120405.jpeg,Gabions,Truss,Timber,2.0,,2 railings,24.0,,,Steel,,2.0,True,long (>20m),wide (>1.5m),medium (1.2-5m),
data/citywide/images/253/126779/85619__AST_IM_20250730_115639.jpeg,True,126779,253,Trail Bridge,,85619,AST_IM_20250730_115639.jpeg,,Truss,Steel,2.0,,,5.0,,,Steel,,1.0,True,short (<6m),standard (0.9-1.5m),medium (1.2-5m),
data/citywide/images/253/126779/85621__AST_IM_20250730_115624.jpeg,True,126779,253,Trail Bridge,,85621,AST_IM_20250730_115624.jpeg,,Truss,Steel,2.0,,,5.0,,,Steel,,1.0,True,short (<6m),standard (0.9-1.5m),medium (1.2-5m),
data/citywide/images/253/126799/85661__AST_IM_20250730_142934.jpeg,True,126799,253,Trail Bridge,Aluminum sill on till abutments,85661,AST_IM_20250730_142934.jpeg,Aluminum Sill Fill,Truss,,1.7,,,15.4,,,Aluminum,,1.0,True,medium (6-20m),standard (0.9-1.5m),medium (1.2-5m),
data/citywide/images/253/126915/85843__AST_IM_20250730_161027.jpeg,True,126915,253,Trail Bridge,,85843,AST_IM_20250730_161027.jpeg,Gabions,Beam,Timber,3.0,,,3.0,,,Aluminum,,,True,short (<6m),,medium (1.2-5m),
data/citywide/images/253/126915/85844__AST_IM_20250730_161039.jpeg,True,126915,253,Trail Bridge,,85844,AST_IM_20250730_161039.jpeg,Gabions,Beam,Timber,3.0,,,3.0,,,Aluminum,,,True,short (<6m),,medium (1.2-5m),
data/citywide/images/253/126915/85845__AST_IM_20250730_160958.jpeg,True,126915,253,Trail Bridge,,85845,AST_IM_20250730_160958.jpeg,Gabions,Beam,Timber,3.0,,,3.0,,,Aluminum,,,True,short (<6m),,medium (1.2-5m),
data/citywide/images/253/127136/90541__Footpath_bridge_1.jpg,True,127136,253,Trail Bridge,Aluminum Footbridge,90541,Footpath bridge 1.jpg,Aluminum Sill Fill,Other,Aluminum,3.0,,2 railings,15.0,,,Aluminum,,1.5,True,medium (6-20m),wide (>1.5m),medium (1.2-5m),
data/citywide/images/253/127136/90542__Footpath_bridge_2.jpg,True,127136,253,Trail Bridge,Aluminum Footbridge,90542,Footpath bridge 2.jpg,Aluminum Sill Fill,Other,Aluminum,3.0,,2 railings,15.0,,,Aluminum,,1.5,True,medium (6-20m),wide (>1.5m),medium (1.2-5m),
data/citywide/images/253/127147/87009__AST_IM_20250819_133749.jpeg,True,127147,253,Trail Bridge,,87009,AST_IM_20250819_133749.jpeg,Timber,Other,Timber,2.0,,1 railing,7.0,,,Timber,,1.2,True,medium (6-20m),standard (0.9-1.5m),medium (1.2-5m),
data/citywide/images/253/127145/87017__AST_IM_20250819_135439.jpeg,True,127145,253,Trail Bridge,Handrails,87017,AST_IM_20250819_135439.jpeg,,Beam,Timber,2.0,,2 railings,7.0,,,Timber,,1.3,True,medium (6-20m),standard (0.9-1.5m),medium (1.2-5m),
data/citywide/images/253/127205/87161__Bridge5.jpg,True,127205,253,Trail Bridge,wooden bridge,87161,Bridge5.jpg,,Beam,Timber,,,No railings,6.0,,,Timber,,1.2,True,medium (6-20m),standard (0.9-1.5m),,
data/citywide/images/253/127388/87490__AST_IM_20250906_111632.jpeg,True,127388,253,Trail Bridge,Long bridge connecting lawn area to park operator yard.,87490,AST_IM_20250906_111632.jpeg,,Beam,Concrete,,,2 railings,17.5,,,Timber,,,True,medium (6-20m),,,
data/citywide/images/253/127523/87874__AST_IM_20250906_120722.jpeg,True,127523,253,Trail Bridge,Last ~9m of boardwalk leading to TM work cabin with ramp.,87874,AST_IM_20250906_120722.jpeg,Timber,,,,,,9.0,,,Timber,,1.6,True,medium (6-20m),wide (>1.5m),,
data/citywide/images/253/127525/87873__AST_IM_20250906_170222.jpeg,True,127525,253,Trail Bridge,TM boardwalk by information sign,87873,AST_IM_20250906_170222.jpeg,,,Timber,,,No railings,20.0,,,,,1.5,True,long (>20m),wide (>1.5m),,
data/citywide/images/253/127525/87871__AST_IM_20250906_170212.jpeg,True,127525,253,Trail Bridge,TM boardwalk by information sign,87871,AST_IM_20250906_170212.jpeg,,,Timber,,,No railings,20.0,,,,,1.5,True,long (>20m),wide (>1.5m),,
data/citywide/images/253/128273/90332__AST_EX_20220617_171132.jpeg,True,128273,253,Trail Bridge,Sproat Lake Boat Launch; Item description: FOOTBRIDGE#1; Specifications: 1 ALUMINUM FOOT BRIDGES 7.65M X 1.44M; Comments: GOOD,90332,AST_EX_20220617_171132.jpeg,Concrete,Other,Timber,,Yes,2 railings,7.6,Aluminum,,Aluminum,,1.4,True,medium (6-20m),standard (0.9-1.5m),,
data/citywide/images/253/128273/90331__AST_EX_20220617_171114.jpeg,True,128273,253,Trail Bridge,Sproat Lake Boat Launch; Item description: FOOTBRIDGE#1; Specifications: 1 ALUMINUM FOOT BRIDGES 7.65M X 1.44M; Comments: GOOD,90331,AST_EX_20220617_171114.jpeg,Concrete,Other,Timber,,Yes,2 railings,7.6,Aluminum,,Aluminum,,1.4,True,medium (6-20m),standard (0.9-1.5m),,
data/citywide/images/253/128273/90333__AST_EX_20220617_171150.jpeg,True,128273,253,Trail Bridge,Sproat Lake Boat Launch; Item description: FOOTBRIDGE#1; Specifications: 1 ALUMINUM FOOT BRIDGES 7.65M X 1.44M; Comments: GOOD,90333,AST_EX_20220617_171150.jpeg,Concrete,Other,Timber,,Yes,2 railings,7.6,Aluminum,,Aluminum,,1.4,True,medium (6-20m),standard (0.9-1.5m),,
data/citywide/images/253/129304/92214__AST_IM_20251211_110345.jpeg,True,129304,253,Trail Bridge,Chainsaw stringer bridge,92214,AST_IM_20251211_110345.jpeg,,Fallen Tree,,,,,4.0,,,Timber,,,True,short (<6m),,,
data/citywide/images/359/56692/76919__AST_EX_20241105_130240.jpeg,True,56692,359,Viewing Platform,Macmillan Day Use; Specifications: 100 FOOT RAMP 10 FT BY 20 FT. PLATFORM;,76919,AST_EX_20241105_130240.jpeg,,,Timber,,No,,30.0,Timber/Wood,,Timber,Elevated,1.8,True,large (>20m),narrow (<3m),,
data/citywide/images/359/56692/76920__AST_EX_20241105_125636.jpeg,True,56692,359,Viewing Platform,Macmillan Day Use; Specifications: 100 FOOT RAMP 10 FT BY 20 FT. PLATFORM;,76920,AST_EX_20241105_125636.jpeg,,,Timber,,No,,30.0,Timber/Wood,,Timber,Elevated,1.8,True,large (>20m),narrow (<3m),,
data/citywide/images/359/56692/76921__AST_EX_20241105_125606.jpeg,True,56692,359,Viewing Platform,Macmillan Day Use; Specifications: 100 FOOT RAMP 10 FT BY 20 FT. PLATFORM;,76921,AST_EX_20241105_125606.jpeg,,,Timber,,No,,30.0,Timber/Wood,,Timber,Elevated,1.8,True,large (>20m),narrow (<3m),,
data/citywide/images/359/56692/76923__AST_EX_20241105_125613.jpeg,True,56692,359,Viewing Platform,Macmillan Day Use; Specifications: 100 FOOT RAMP 10 FT BY 20 FT. PLATFORM;,76923,AST_EX_20241105_125613.jpeg,,,Timber,,No,,30.0,Timber/Wood,,Timber,Elevated,1.8,True,large (>20m),narrow (<3m),,
data/citywide/images/359/56692/76924__AST_EX_20241105_125914.jpeg,True,56692,359,Viewing Platform,Macmillan Day Use; Specifications: 100 FOOT RAMP 10 FT BY 20 FT. PLATFORM;,76924,AST_EX_20241105_125914.jpeg,,,Timber,,No,,30.0,Timber/Wood,,Timber,Elevated,1.8,True,large (>20m),narrow (<3m),,
data/citywide/images/359/56692/76925__AST_EX_20241105_125920.jpeg,True,56692,359,Viewing Platform,Macmillan Day Use; Specifications: 100 FOOT RAMP 10 FT BY 20 FT. PLATFORM;,76925,AST_EX_20241105_125920.jpeg,,,Timber,,No,,30.0,Timber/Wood,,Timber,Elevated,1.8,True,large (>20m),narrow (<3m),,
data/citywide/images/359/56692/76926__AST_EX_20241105_125906.jpeg,True,56692,359,Viewing Platform,Macmillan Day Use; Specifications: 100 FOOT RAMP 10 FT BY 20 FT. PLATFORM;,76926,AST_EX_20241105_125906.jpeg,,,Timber,,No,,30.0,Timber/Wood,,Timber,Elevated,1.8,True,large (>20m),narrow (<3m),,
data/citywide/images/359/56692/76927__AST_EX_20241105_125924.jpeg,True,56692,359,Viewing Platform,Macmillan Day Use; Specifications: 100 FOOT RAMP 10 FT BY 20 FT. PLATFORM;,76927,AST_EX_20241105_125924.jpeg,,,Timber,,No,,30.0,Timber/Wood,,Timber,Elevated,1.8,True,large (>20m),narrow (<3m),,
